$SPEC_ID:
No sample description was entered.
$SPEC_REM:
DET# 3
DETDESC# JLAB-22 MCB 129
AP# Maestro Version 7.01
$DATE_MEA:
10/08/2025 14:19:18
$MEAS_TIM:
3461 3461
$DATA:
0 2047
       0
       0
      94
      84
       0
       0
       0
       0
       0
       0
       0
       0
       0
       0
       0
       0
       0
       0
       0
       0
       0
       0
       0
       0
       0
       0
       0
       0
       0
       0
       0
       0
       0
       0
       0
       0
       0
       0
       0
       0
       0
       0
       0
       0
       0
       0
       0
       0
       0
       0
       0
       0
       0
       0
       0
       0
       0
       0
       0
       0
       0
       0
       0
       0
       0
       0
       0
       0
       0
       0
       0
       0
       0
       0
       0
       0
       0
       0
       0
       0
       0
       0
       0
       0
       0
       0
       0
       0
       0
       0
       0
       0
       0
       0
       0
       0
       0
       0
       0
       0
       0
       0
       0
       0
       0
       0
       0
       0
       0
       0
       0
       0
       0
       0
       0
       0
       0
       0
       0
       0
       0
       0
       0
       0
       0
       0
       0
       0
       0
       0
       0
       0
       0
       0
       0
       0
       0
       0
       0
       0
       1
       0
       0
       0
       1
       0
       0
       0
       0
       0
       0
       0
       0
       0
       0
       0
       2
       0
       0
       0
       0
       1
       0
       0
       0
       0
       0
       0
       0
       0
       0
       1
       1
       0
       0
       0
       1
       0
       0
       0
       1
       0
       0
       0
       0
       0
       0
       0
       0
       1
       1
       0
       0
       0
       0
       1
       0
       0
       0
       0
       1
       0
       0
       0
       0
       0
       0
       0
       0
       1
       0
       0
       0
       0
       1
       0
       0
       0
       0
       1
       0
       0
       0
       0
       0
       0
       1
       0
       0
       0
       0
       0
       2
       1
       1
       0
       0
       0
       0
       0
       0
       3
       1
       1
       1
       0
       0
       0
       1
       0
       0
       0
       1
       0
       0
       0
       0
       0
       0
       0
       0
       0
       0
       0
       0
       0
       0
       0
       1
       0
       0
       2
       0
       1
       0
       1
       1
       0
       0
       0
       0
       1
       1
       0
       0
       0
       1
       0
       0
       1
       0
       1
       1
       0
       1
       0
       0
       0
       0
       1
       0
       1
       0
       0
       0
       0
       0
       0
       1
       0
       0
       1
       0
       0
       1
       0
       1
       2
       0
       0
       0
       1
       0
       0
       0
       2
       0
       0
       1
       1
       0
       0
       0
       0
       0
       0
       1
       2
       0
       1
       0
       3
       0
       0
       0
       0
       0
       1
       0
       0
       0
       0
       3
       1
       1
       1
       1
       1
       0
       0
       0
       1
       1
       0
       0
       0
       3
       4
       0
       0
       1
       0
       0
       0
       1
       0
       0
       0
       1
       0
       0
       1
       1
       0
       0
       0
       1
       2
       1
       0
       2
       1
       0
       1
       1
       0
       0
       0
       1
       1
       1
       0
       3
       1
       0
       0
       0
       3
       2
       0
       2
       1
       0
       1
       1
       1
       0
       0
       0
       0
       4
       2
       1
       0
       1
       0
       3
       2
       1
       1
       1
       3
       2
       3
       0
       1
       1
       1
       1
       2
       0
       1
       0
       1
       2
       1
       3
       1
       3
       1
       1
       0
       4
       0
       1
       2
       0
       0
       1
       0
       0
       3
       1
       0
       1
       2
       2
       2
       3
       1
       0
       3
       5
       0
       1
       3
       0
       4
       1
       0
       0
       2
       2
       0
       3
       3
       0
       2
       2
       2
       3
       2
       2
       1
       8
       0
       1
       2
       1
       1
       0
       0
       2
       4
       0
       3
       1
       1
       3
       1
       2
       2
       4
       2
       4
       2
       2
       5
       1
       4
       3
       1
       1
       4
       5
       6
       2
       1
       1
       2
       3
       3
       2
       3
       1
       5
       3
       1
       4
       5
       4
       2
       3
       2
       2
       1
       1
       5
       3
       1
       2
       3
       3
       1
       3
       1
       1
       4
       2
       3
       6
       5
       7
       4
       4
       2
       1
       3
       3
       2
       3
       2
       6
       4
       4
       3
       1
       2
       2
       6
       5
       5
       3
       2
       2
       3
       7
       2
       1
       3
       4
       3
       2
       3
       4
       3
       6
       2
       5
       2
       4
       2
       4
       1
       4
       7
       5
       5
       5
       4
       5
       5
       6
       4
       4
       5
       7
       4
       6
       5
       8
       8
       7
       5
      11
       8
       8
       6
      12
       6
       6
       4
       4
      12
       5
       4
      10
       4
       2
      10
       6
       7
       6
      11
       3
       7
       6
       3
       3
       8
       7
       8
       8
       7
       6
       6
      11
       6
       5
       5
      12
       6
       6
       7
       7
      12
       7
       6
       8
       3
      13
      11
       7
       7
      10
       7
       7
       3
       7
       6
      11
      11
       6
       6
      12
      14
       9
       6
       6
      10
       8
      14
       5
      10
       9
       9
       6
       9
      11
       3
      14
       8
       9
      10
      17
       7
      11
      10
       8
       9
      10
      12
      13
      19
      13
      16
       7
      11
       3
       9
       5
      11
      10
      11
       4
      15
      13
      13
      11
       8
       6
       8
      15
      16
       7
      14
       9
      15
       7
      11
      12
       8
      10
      15
       9
       7
      11
       7
      10
      11
      12
      11
      13
      10
      23
      12
      14
      10
      11
       9
      14
      14
      16
      11
      11
      16
      15
      16
      10
      14
      14
      17
      12
      16
      15
      13
      20
      14
      13
      11
      15
      19
      11
      11
      12
      10
      14
      11
      13
      15
      12
      18
      17
      13
      15
      12
      13
      16
      11
      10
      13
      16
      15
      12
      17
      19
      14
      10
      15
      10
      12
      12
       8
      10
      10
       6
      21
      13
      15
      21
      13
      17
      15
       9
      13
      13
      21
      15
      12
      19
      14
      12
      18
      17
      18
      11
      14
      12
      16
      14
      23
      16
      14
      14
       9
      13
      12
      10
      12
      10
      13
      19
       8
      14
      14
      12
      17
      18
      16
      15
      12
      15
      14
      12
      15
      13
      20
      10
      13
      13
      18
      13
      19
      16
      17
      13
      12
      19
      14
      14
      19
      15
      14
      18
      14
      17
       9
      16
      16
      16
      12
      12
      13
      11
      12
      12
      15
       6
      16
      17
      10
      27
      11
      14
      16
      10
      15
      19
      12
      11
      10
      14
      19
      14
       8
       9
       9
      18
      14
      22
      13
       9
      11
       7
      13
      15
      15
      15
      10
      10
      14
      15
      13
      13
      13
      25
      14
      15
      14
      14
      15
      13
      14
      12
      15
       7
      14
      18
      16
      12
      11
       9
      11
      11
      16
      14
       7
      12
       9
       9
      14
       9
      15
       7
      11
       5
       4
      11
       9
      14
       5
      12
      10
      11
      12
      15
      11
       5
       5
      14
      13
      13
      14
      14
       9
      10
       9
       3
      12
      12
       6
      12
       7
      12
      13
      15
       5
      13
      13
       6
       7
      15
       9
       8
       8
       9
      11
      14
       7
      10
       5
      10
      11
       9
       7
       9
       8
       2
       6
       5
       8
      10
      16
       7
       7
       2
      11
       7
      10
      14
       7
      10
       8
       8
       8
       6
       4
       4
      10
      11
      11
       7
      11
      10
       7
       4
      11
       7
       8
       8
       6
       7
       6
       8
       9
      14
       6
       5
       9
       6
       8
       8
       7
       7
       4
       3
       7
       8
      14
       8
       6
      12
      11
       7
       7
       7
       8
       1
       7
       9
       7
       8
       8
       6
       5
       5
       7
      10
       8
       5
       9
       3
       4
       7
       7
       4
      14
       3
       5
       8
       5
       4
       7
       7
       9
       3
       7
       3
       0
       3
       6
       6
       9
      11
      11
       9
       4
       6
       7
       6
       6
       9
       1
       8
       7
       1
       3
       6
       6
       4
       6
       3
       5
       5
       4
       6
       4
       4
       5
       3
       4
       6
       3
       5
       5
       3
       4
       4
       2
       2
       5
       6
       4
       3
       7
       2
       3
       3
       4
       2
       3
       2
       5
       3
       0
       4
       4
       7
       2
       4
       7
       2
       1
       2
       3
       4
       6
       2
       2
       1
       7
       5
       4
       2
       4
       3
       2
       4
       4
       2
       4
       5
       7
       5
       5
       2
       2
       1
       5
       4
       3
       2
       6
       2
       5
       4
       5
       4
       3
       6
       4
       3
       7
       4
       1
       4
       1
       4
       1
       0
       2
       2
       0
       2
       1
       1
       4
       5
       4
       3
       5
       4
       2
       2
       0
       7
       2
       3
       0
       6
       2
       5
       1
       3
       1
       0
       3
       2
       5
       3
       3
       0
       3
       4
       4
       5
       0
       3
       2
       1
       4
       4
       4
       1
       3
       2
       2
       1
       1
       1
       3
       8
       1
       1
       3
       2
       3
       3
       1
       1
       3
       1
       4
       2
       4
       4
       1
       1
       1
       1
       1
       3
       0
       0
       2
       3
       0
       0
       0
       1
       1
       2
       1
       1
       3
       1
       0
       2
       2
       2
       2
       2
       1
       5
       3
       1
       0
       1
       3
       0
       2
       2
       1
       3
       2
       4
       4
       2
       1
       0
       3
       1
       2
       2
       1
       0
       1
       1
       1
       0
       2
       2
       4
       1
       2
       2
       1
       2
       1
       1
       1
       2
       1
       2
       0
       2
       0
       0
       2
       3
       1
       1
       3
       0
       0
       1
       3
       2
       0
       2
       2
       4
       2
       1
       0
       1
       0
       0
       0
       1
       3
       2
       1
       1
       1
       2
       3
       1
       1
       1
       0
       4
       1
       1
       2
       0
       2
       1
       1
       1
       2
       1
       0
       0
       1
       0
       1
       2
       1
       0
       0
       0
       0
       0
       1
       0
       1
       1
       3
       2
       1
       3
       3
       0
       0
       2
       0
       0
       5
       0
       1
       1
       0
       1
       1
       1
       0
       1
       0
       0
       0
       3
       1
       0
       1
       1
       0
       1
       0
       0
       0
       0
       0
       0
       1
       0
       2
       0
       2
       0
       0
       0
       2
       1
       0
       2
       1
       1
       1
       0
       0
       0
       0
       0
       1
       1
       0
       1
       0
       1
       0
       0
       3
       0
       0
       0
       0
       0
       2
       1
       2
       2
       0
       2
       1
       0
       0
       0
       0
       0
       0
       0
       1
       0
       0
       0
       0
       0
       0
       0
       0
       1
       0
       2
       1
       1
       0
       1
       0
       0
       2
       1
       0
       1
       0
       1
       0
       0
       0
       1
       0
       0
       0
       1
       0
       0
       1
       0
       0
       1
       0
       0
       2
       2
       0
       0
       0
       0
       0
       0
       0
       1
       0
       0
       1
       1
       0
       1
       0
       0
       0
       1
       1
       0
       0
       0
       1
       0
       0
       1
       1
       0
       0
       0
       0
       0
       1
       1
       3
       1
       0
       0
       0
       0
       0
       0
       2
       1
       2
       0
       1
       0
       0
       0
       0
       1
       0
       1
       2
       0
       2
       1
       0
       1
       0
       0
       1
       0
       0
       0
       1
       0
       0
       0
       1
       1
       0
       0
       0
       0
       0
       0
       2
       0
       0
       0
       0
       0
       0
       0
       0
       0
       1
       0
       0
       1
       0
       0
       0
       0
       0
       0
       0
       0
       2
       0
       0
       0
       1
       0
       0
       0
       0
       0
       0
       0
       1
       1
       0
       1
       2
       0
       0
       0
       0
       0
       0
       0
       2
       1
       0
       0
       0
       0
       0
       0
       0
       0
       0
       2
       0
       1
       0
       1
       0
       0
       0
       0
       0
       0
       0
       0
       0
       0
       0
       0
       1
       0
       0
       0
       0
       0
       0
       0
       0
       0
       0
       0
       0
       0
       0
       0
       1
       0
       1
       0
       0
       1
       0
       0
       0
       1
       0
       1
       0
       0
       0
       1
       0
       0
       1
       0
       0
       0
       0
       1
       0
       0
       0
       1
       0
       0
       0
       0
       3
       0
       2
       0
       1
       0
       1
       1
       0
       0
       0
       1
       0
       1
       0
       0
       1
       0
       0
       0
       1
       1
       1
       0
       0
       0
       0
       0
       0
       0
       1
       1
       0
       0
       0
       0
       0
       1
       2
       1
       0
       1
       1
       0
       0
       0
       0
       0
       0
       1
       1
       0
       1
       0
       0
       1
       0
       1
       1
       1
       1
       0
       0
       0
       2
       0
       0
       1
       0
       0
       0
       1
       0
       1
       0
       0
       0
       0
       0
       0
       0
       0
       1
       0
       1
       0
       0
       1
       0
       0
       0
       0
       0
       0
       1
       0
       0
       0
       0
       0
       1
       0
       0
       0
       0
       0
       0
       1
       0
       0
       0
       0
       0
       0
       0
       0
       0
       0
       0
       1
       0
       0
       2
       0
       0
       0
       0
       1
       0
       1
       0
       1
       0
       0
       0
       0
       0
       0
       0
       0
       0
       0
       0
       0
       0
       0
       0
       0
       0
       0
       0
       0
       0
       1
       0
       0
       1
       1
       0
       0
       0
       0
       0
       0
       0
       0
       0
       0
       0
       0
       0
       0
       1
       0
       0
       0
       0
       1
       0
       1
       0
       0
       0
       1
       0
       0
       0
       0
       0
       0
       0
       0
       0
       0
       0
       0
       0
       0
       0
       0
       0
       0
       0
       1
       0
       0
       0
       0
       0
       0
       0
       0
       0
       0
       0
       1
       1
       0
       1
       0
       0
       0
       0
       0
       1
       0
       0
       0
       1
       0
       0
       0
       0
       0
       0
       0
       0
       0
       0
       0
       0
       1
       0
       0
       0
       0
       0
       1
       0
       0
       0
       0
       0
       0
       0
       0
       0
       0
       0
       0
       0
       1
       0
       0
       0
       0
       0
       0
       1
       0
       0
       0
       0
       0
       0
       0
       0
       0
       0
       0
       0
       0
       0
       0
       0
       0
       0
       0
       0
       0
       0
       0
       0
       0
       0
       0
       0
       0
       0
       0
       0
       0
       0
       0
$ROI:
1
5 2045
$PRESETS:
None
0
0
$ENER_FIT:
2.398192 0.051158
$MCA_CAL:
3
2.398192E+000 5.115788E-002 -1.279790E-007 ns
$SHAPE_CAL:
3
0.000000E+000 0.000000E+000 0.000000E+000
