$SPEC_ID:
No sample description was entered.
$SPEC_REM:
DET# 3
DETDESC# JLAB-22 MCB 129
AP# Maestro Version 7.01
$DATE_MEA:
10/08/2025 14:19:18
$MEAS_TIM:
4805 4805
$DATA:
0 2047
       0
       0
       0
       0
       0
       0
       0
       0
       0
       0
       0
       0
       0
       0
       0
       0
       0
       0
       0
       0
       0
       0
       0
       0
       0
       0
       0
       0
       0
       0
       0
       0
       0
       0
       0
       0
       0
       0
       0
       0
       0
       0
       0
       0
       0
       0
       0
       0
       0
       0
       0
       0
       0
       0
       0
       0
       0
       0
       0
       0
       0
       0
       0
       0
       0
       0
       0
       0
       0
       0
       0
       0
       0
       0
       0
       0
       0
       0
       0
       0
       0
       0
       0
       0
       0
       0
       0
       0
       0
       0
       0
       0
       0
       0
       0
       0
       0
       0
       0
       0
       0
       0
       0
       0
       0
       0
       0
       0
       0
       0
       0
       0
       0
       0
       0
       0
       0
       0
       0
       0
       0
       0
       0
       0
       0
       0
       1
       0
       0
       0
       0
       0
       1
       0
       0
       0
       0
       0
       0
       0
       0
       0
       0
       0
       0
       1
       0
       0
       0
       0
       0
       0
       0
       0
       0
       0
       0
       1
       0
       0
       0
       0
       0
       0
       0
       0
       0
       1
       0
       1
       0
       0
       0
       0
       0
       0
       0
       0
       0
       0
       1
       0
       0
       0
       0
       0
       0
       0
       0
       0
       0
       0
       0
       0
       0
       0
       0
       1
       0
       0
       0
       0
       0
       0
       0
       0
       0
       0
       0
       0
       1
       0
       0
       0
       0
       0
       0
       0
       0
       0
       0
       0
       1
       1
       0
       0
       1
       0
       1
       1
       0
       0
       0
       0
       0
       0
       0
       0
       1
       0
       0
       0
       1
       0
       1
       0
       0
       0
       0
       0
       0
       0
       0
       0
       1
       1
       1
       0
       0
       1
       0
       0
       0
       1
       0
       0
       0
       0
       0
       0
       0
       0
       0
       0
       0
       0
       2
       0
       0
       0
       0
       1
       0
       1
       0
       0
       0
       0
       0
       0
       0
       0
       0
       0
       0
       0
       0
       0
       1
       0
       0
       0
       0
       0
       0
       0
       0
       1
       0
       0
       1
       0
       1
       0
       1
       1
       0
       0
       0
       1
       1
       0
       0
       1
       0
       0
       0
       0
       0
       1
       0
       0
       0
       0
       0
       0
       0
       0
       0
       3
       0
       1
       0
       0
       0
       0
       1
       1
       0
       1
       0
       0
       0
       0
       0
       0
       0
       0
       0
       0
       0
       0
       1
       0
       0
       0
       1
       0
       0
       0
       1
       0
       0
       0
       0
       0
       0
       0
       0
       0
       0
       0
       0
       0
       0
       0
       0
       0
       0
       1
       0
       0
       0
       0
       0
       0
       0
       0
       0
       0
       2
       0
       0
       0
       0
       1
       0
       0
       0
       0
       0
       1
       0
       1
       1
       0
       0
       0
       1
       0
       0
       1
       0
       1
       1
       0
       0
       0
       0
       0
       2
       0
       0
       0
       1
       0
       0
       0
       0
       0
       0
       1
       0
       0
       0
       1
       0
       1
       1
       0
       1
       0
       1
       1
       0
       0
       0
       0
       0
       0
       1
       0
       1
       0
       3
       1
       0
       1
       0
       0
       1
       0
       0
       1
       0
       0
       0
       0
       1
       1
       1
       0
       0
       2
       2
       0
       2
       0
       1
       0
       0
       1
       2
       0
       1
       0
       0
       2
       0
       0
       0
       1
       0
       1
       0
       0
       0
       0
       0
       1
       1
       0
       0
       0
       1
       2
       2
       1
       0
       0
       0
       0
       1
       0
       1
       0
       0
       0
       0
       2
       1
       0
       1
       0
       0
       1
       0
       2
       1
       1
       1
       0
       1
       1
       1
       0
       1
       2
       0
       0
       2
       0
       1
       4
       2
       2
       0
       1
       1
       1
       1
       0
       1
       2
       0
       0
       1
       1
       1
       0
       3
       3
       2
       2
       0
       0
       1
       2
       0
       3
       2
       1
       2
       1
       2
       3
       2
       4
       1
       3
       1
       0
       0
       5
       0
       2
       2
       1
       0
       0
       3
       3
       0
       0
       2
       0
       1
       2
       3
       0
       3
       1
       1
       1
       2
       1
       0
       1
       1
       1
       1
       1
       1
       0
       1
       2
       1
       2
       1
       4
       2
       1
       4
       1
       2
       3
       2
       3
       0
       2
       4
       2
       1
       1
       4
       1
       1
       1
       5
       2
       1
       1
       2
       7
       3
       2
       0
       2
       3
       4
       1
       0
       5
       1
       4
       3
       2
       1
       3
       1
       3
       4
       0
       5
       5
       2
       2
       3
       2
       3
       2
       2
       2
       2
       1
       2
       1
       3
       1
       0
       0
       2
       3
       1
       2
       5
       4
       5
       1
       2
       2
       1
       4
       5
       4
       3
       2
       2
       3
       1
       4
       2
       0
       4
       3
       3
       2
       2
       3
       8
       4
       4
       1
       2
       3
       1
       1
       1
       2
       7
       1
       3
       4
       3
       2
       3
       6
       3
       3
       1
       6
       4
       3
       6
       4
       4
       8
       7
       3
       2
       2
       6
       3
       2
      12
       6
       9
       4
       6
       4
       3
       5
       8
       5
       6
       8
       1
       3
       3
       5
       3
       2
       2
       7
       2
       8
       5
       7
       3
       8
       4
       5
       2
       3
       3
      12
       9
       6
       4
       3
       3
       5
       5
       8
       6
      10
       9
       2
       6
       5
       7
      10
       5
      11
       7
       2
       7
       4
       9
       9
      14
       5
       6
       5
       5
      11
       5
      11
       7
       9
       4
       5
       3
       3
       6
       3
       6
       5
      10
       9
       4
      15
       5
       8
       5
      11
       4
      11
       8
      13
       8
       5
       8
      12
       6
       6
       4
       7
       8
       4
      11
       3
       5
       7
       3
       4
       3
      14
       5
       9
       7
       5
       9
       4
      12
      10
       6
       8
      10
       6
       9
      10
       9
       3
       8
       8
       9
       5
       8
       6
       6
       6
       5
       9
      10
       4
       6
       6
      10
       5
      10
       4
      13
       7
      15
       7
       5
       4
       7
       7
      12
       7
      10
       5
       9
       8
       8
       5
      14
      11
      13
      10
       4
      14
      11
       6
       7
       7
       7
      12
       7
       9
      14
       9
       5
       9
       8
       9
      10
      13
      11
       9
      15
       8
      14
      11
      11
       8
       6
       8
      11
       9
       6
      12
       6
       9
       7
       6
      11
       6
       7
       8
      10
       6
       4
       8
       9
       3
       6
       8
       8
       8
       6
       8
      10
       5
      12
       5
      17
       6
       9
       9
       8
      14
      13
       3
       9
       8
       9
       7
      12
       8
      12
       8
      11
       2
      12
       3
       9
       8
      11
       9
       6
       5
      10
       4
       7
      15
       9
       6
       9
       7
       7
       7
       6
       7
       9
       8
       2
       5
       7
       5
       7
       7
       6
       8
       8
      12
       5
       9
       4
       7
       9
       7
       7
       6
       6
       9
       8
       7
       9
       6
      17
       2
       9
       7
      11
       5
       9
       5
       6
       4
       4
       8
       5
      10
       8
       8
       5
       7
       6
       6
      11
       4
       5
       5
       8
       6
       0
       9
       8
       6
       1
       6
       9
       5
       8
       6
       5
      13
       9
       5
       5
       3
      10
       7
       6
       5
       6
       5
       6
       6
       9
      14
       5
       4
       7
       4
       7
       3
       4
       9
       5
       7
       2
       3
       3
       6
       4
       3
       6
       4
       4
       8
       4
       5
       5
       3
       8
       4
       3
       9
       4
       8
       3
       5
       5
       8
       3
       3
       2
       3
       2
       7
       5
       4
       4
       2
       3
       3
       6
       3
       1
       3
       7
       5
       4
       3
       7
       2
       5
       3
       6
      10
       8
       3
       6
       8
       7
       1
       6
       2
       4
       6
       7
       3
       2
       6
       5
       2
       7
       5
       8
       5
       8
       6
       5
       1
       3
       4
       1
       3
       5
       7
       6
       6
       1
       0
       3
       9
       2
       9
       7
       3
       3
       4
       4
       1
       4
       4
       3
       0
       3
       2
       2
       4
       5
       7
       5
       4
       5
       2
       2
       3
       4
       1
       6
       3
       2
       6
       0
       4
       5
       3
       2
       2
       3
       2
       2
       4
       4
       1
       4
       3
       3
       2
       0
       2
       5
       4
       3
       2
       0
       3
       2
       0
       2
       3
       2
       0
       1
       5
       2
       4
       7
       1
       3
       2
       1
       4
       2
       1
       4
       0
       0
       4
       2
       1
       3
       4
       1
       2
       1
       1
       2
       1
       2
       3
       4
       1
       3
       1
       0
       0
       2
       5
       1
       4
       1
       4
       3
       2
       1
       1
       2
       1
       3
       2
       3
       2
       2
       2
       1
       2
       1
       3
       1
       1
       3
       0
       1
       2
       2
       2
       2
       4
       4
       0
       2
       1
       2
       3
       2
       1
       2
       0
       2
       2
       4
       3
       1
       1
       2
       3
       1
       2
       3
       2
       3
       1
       3
       3
       2
       1
       1
       0
       1
       2
       1
       2
       2
       1
       0
       0
       1
       0
       2
       1
       2
       2
       1
       1
       2
       1
       0
       2
       2
       4
       2
       3
       1
       2
       3
       4
       2
       1
       0
       0
       2
       0
       4
       3
       5
       4
       2
       2
       0
       2
       1
       3
       2
       1
       0
       2
       4
       1
       2
       0
       4
       2
       1
       1
       1
       1
       1
       2
       1
       2
       1
       0
       0
       1
       3
       0
       0
       0
       0
       0
       0
       1
       3
       0
       2
       1
       3
       2
       2
       2
       4
       0
       1
       1
       1
       0
       2
       1
       1
       1
       2
       0
       1
       0
       0
       0
       0
       1
       1
       0
       0
       2
       1
       3
       3
       3
       0
       0
       1
       0
       0
       2
       1
       0
       0
       0
       0
       2
       2
       0
       2
       0
       1
       0
       0
       1
       2
       3
       2
       2
       2
       0
       1
       0
       0
       2
       0
       1
       0
       1
       2
       1
       1
       1
       0
       1
       1
       0
       2
       0
       0
       1
       1
       1
       0
       0
       0
       2
       0
       1
       2
       2
       1
       1
       0
       1
       0
       0
       0
       1
       0
       2
       0
       2
       0
       1
       0
       1
       1
       1
       1
       0
       2
       0
       1
       0
       0
       0
       2
       1
       0
       0
       0
       0
       1
       0
       0
       1
       1
       0
       0
       0
       0
       0
       0
       0
       0
       0
       1
       0
       3
       0
       0
       0
       0
       1
       2
       1
       0
       3
       1
       0
       2
       1
       1
       0
       0
       0
       0
       2
       0
       1
       0
       0
       0
       1
       0
       0
       1
       0
       0
       0
       0
       0
       0
       0
       0
       1
       0
       0
       0
       0
       0
       0
       0
       0
       0
       1
       1
       0
       0
       0
       0
       0
       1
       0
       1
       2
       0
       0
       0
       2
       1
       0
       1
       0
       1
       1
       1
       0
       0
       0
       0
       0
       1
       1
       0
       0
       0
       1
       0
       0
       0
       0
       0
       0
       0
       0
       1
       0
       1
       1
       0
       0
       0
       0
       0
       0
       0
       0
       0
       0
       1
       0
       1
       0
       0
       0
       0
       2
       0
       0
       1
       0
       1
       0
       0
       0
       0
       0
       0
       0
       0
       1
       0
       0
       1
       1
       0
       0
       0
       1
       0
       0
       0
       0
       0
       0
       0
       0
       0
       0
       0
       1
       0
       1
       0
       0
       1
       0
       0
       1
       0
       1
       0
       1
       0
       0
       0
       0
       0
       1
       1
       3
       0
       0
       0
       0
       1
       0
       0
       1
       0
       1
       0
       0
       0
       0
       0
       1
       0
       0
       0
       0
       1
       2
       0
       1
       0
       0
       0
       1
       0
       0
       0
       1
       0
       0
       2
       0
       1
       0
       0
       0
       0
       0
       0
       0
       0
       0
       1
       0
       0
       0
       0
       0
       0
       0
       0
       0
       0
       1
       0
       0
       0
       0
       0
       0
       0
       0
       0
       0
       0
       1
       1
       0
       0
       0
       1
       0
       0
       1
       0
       1
       0
       0
       0
       0
       0
       0
       0
       0
       2
       0
       0
       0
       0
       1
       0
       0
       0
       0
       0
       1
       0
       0
       0
       0
       0
       0
       0
       0
       0
       0
       0
       0
       0
       0
       0
       0
       0
       0
       0
       0
       0
       0
       1
       0
       1
       0
       1
       0
       0
       0
       0
       0
       0
       0
       0
       0
       0
       0
       1
       0
       0
       1
       0
       0
       0
       0
       0
       0
       0
       0
       1
       0
       0
       0
       0
       0
       0
       0
       0
       1
       0
       0
       0
       0
       1
       1
       0
       0
       0
       0
       0
       1
       0
       0
       0
       0
       0
       0
       1
       0
       0
       1
       1
       0
       0
       0
       0
       1
       0
       0
       0
       0
       0
       0
       0
       0
       0
       0
       0
       0
       0
       0
       0
       0
       0
       1
       0
       0
       0
       0
       0
       0
       0
       0
       0
       1
       0
       0
       0
       0
       0
       0
       0
       0
       0
       0
       0
       0
       0
       0
       1
       0
       0
       0
       0
       0
       0
       0
       0
       0
       0
       0
       1
       0
       0
       0
       0
       0
       0
       0
       0
       0
       0
       0
       0
       0
       0
       0
       0
       0
       0
       0
       0
       0
       1
       0
       0
       0
       0
       0
       0
       0
       0
       0
       0
       0
       0
       0
       0
       0
       0
       0
       0
       0
       0
       1
       0
       0
       0
       0
       0
       0
       0
       0
       0
       0
       0
       0
       0
       0
       1
       0
       0
       0
       0
       0
       0
       0
       0
       0
       0
       0
       0
       0
       0
       0
       0
       0
       0
       0
       0
       0
       0
       0
       0
       0
       0
       0
       0
       0
       0
       0
       0
       0
       0
       0
$ROI:
1
5 2045
$PRESETS:
None
0
0
$ENER_FIT:
2.398192 0.051158
$MCA_CAL:
3
2.398192E+000 5.115788E-002 -1.279790E-007 ns
$SHAPE_CAL:
3
0.000000E+000 0.000000E+000 0.000000E+000
