$SPEC_ID:
No sample description was entered.
$SPEC_REM:
DET# 3
DETDESC# JLAB-22 MCB 129
AP# Maestro Version 7.01
$DATE_MEA:
10/07/2025 16:20:39
$MEAS_TIM:
77575 77576
$DATA:
0 2047
       0
       0
       0
       0
       0
       0
       0
       0
       0
       0
       0
       0
       0
       0
       0
       0
       0
       0
       0
       0
       0
       0
       0
       0
       0
       0
       0
       0
       0
       0
       0
       0
       0
       0
       0
       0
       0
       0
       0
       0
       0
       0
       0
       0
       0
       0
       0
       0
       0
       0
       0
       0
       0
       0
       0
       0
       0
       0
       0
       0
       0
       0
       0
       0
       0
       0
       0
       0
       0
       0
       0
       0
       0
       0
       0
       0
       0
       0
       0
       0
       0
       0
       0
       0
       0
       0
       0
       0
       0
       0
       0
       0
       0
       0
       0
       0
       0
       0
       0
       0
       0
       0
       0
       0
       0
       0
       0
       0
       0
       0
       0
       0
       0
       0
       0
       0
       0
       0
       0
       0
       0
       0
       0
       0
       0
       0
       2
       0
       1
       3
       2
       3
       0
       1
       0
       2
       0
       0
       0
       3
       0
       2
       1
       3
       3
       0
       2
       1
       2
       3
       2
       2
       2
       1
       2
       2
       2
       0
       1
       3
       1
       0
       2
       2
       1
       1
       0
       1
       2
       2
       1
       4
       1
       1
       2
       2
       0
       1
       0
       0
       0
       2
       0
       3
       1
       0
       1
       1
       2
       1
       1
       4
       1
       2
       0
       1
       1
       1
       2
       1
       3
       0
       0
       0
       4
       1
       3
       0
       3
       0
       0
       2
       1
       2
       2
       0
       0
       4
       1
       4
       0
       0
       1
       3
       1
       2
       0
       0
       1
       1
       1
       1
       0
       2
       1
       1
       0
       0
       4
       3
       1
       3
       3
       3
       2
       0
       1
       3
       1
       0
       2
       1
       1
       5
       1
       1
       2
       2
       2
       0
       2
       2
       1
       1
       1
       1
       2
       1
       0
       2
       0
       2
       1
       2
       0
       4
       1
       0
       0
       2
       1
       0
       1
       3
       0
       1
       0
       2
       1
       0
       4
       2
       1
       3
       4
       0
       0
       2
       0
       0
       0
       2
       1
       2
       5
       1
       0
       1
       0
       1
       1
       0
       1
       1
       3
       0
       2
       1
       3
       1
       0
       1
       2
       6
       0
       2
       1
       1
       2
       0
       1
       3
       0
       1
       2
       2
       2
       2
       2
       2
       3
       1
       5
       2
       5
       0
       1
       1
       0
       4
       0
       3
       2
       1
       3
       2
       0
       3
       3
       0
       1
       1
       4
       1
       0
       3
       2
       3
       3
       0
       2
       1
       1
       1
       1
       3
       4
       1
       1
       1
       1
       6
       1
       3
       1
       3
       0
       4
       1
       4
       1
       2
       4
       3
       2
       5
       0
       4
       3
       5
       4
       5
       2
       4
       2
       1
       4
       1
       0
       6
       1
       1
       4
       1
       2
       2
       4
       5
       2
       3
       4
       2
       4
       8
       3
       2
       3
       1
       3
       2
       3
       4
       2
       7
       0
       3
       3
       2
       2
       3
       9
       3
       1
       2
       3
       6
       2
       2
       5
       1
       1
       5
       3
       4
       5
       0
       3
       3
       2
       2
       6
       4
       3
       3
       6
       0
       4
       4
       3
       4
       6
       4
       6
       4
       1
       6
       2
       2
       1
       3
       2
       8
       2
       1
       5
       5
       4
       3
       6
       6
       5
       4
       1
       4
       4
       3
       2
      10
       3
       9
       1
       3
       3
       2
       4
       2
       6
       8
       2
       6
       2
       4
       5
       4
       5
       3
       6
       3
       2
       3
       6
       3
       0
       5
       3
       5
       8
       2
       4
       7
       3
       7
       5
       4
       4
       4
       5
       4
       4
       2
       7
       3
       9
       5
       5
       4
       4
       4
      10
       5
      11
       6
       2
       2
       7
       5
       5
       2
       4
       4
       7
       9
       6
       7
       9
       6
       7
       2
      11
       5
       6
       8
       8
       6
      10
       4
       7
       5
       4
      14
       7
       2
      10
       7
       3
       6
       5
       5
       6
      10
       7
       9
       3
       7
       8
       9
       4
       7
      13
       9
      12
       5
       7
      11
       7
      12
       7
      10
      10
      10
       4
       5
       5
       7
       9
       8
       8
       9
      13
      10
      15
       9
      10
      11
      10
      11
      11
      14
       7
       8
      13
      13
      16
       8
      10
       5
      11
      13
      11
       4
      11
       5
      12
       8
       8
      12
       8
       8
       7
       9
       9
       5
      10
      10
       9
      13
       9
      14
      16
       9
       9
      11
      11
      10
      14
      11
      13
       9
       8
      16
      12
      16
      17
      17
       8
      16
      11
      18
       9
      21
       7
      16
      14
      18
      18
      14
      11
      12
      18
      24
      12
      13
       6
      17
      17
      22
      14
      13
      16
      23
      20
      22
      16
      21
      18
      28
      25
       9
      10
      21
      26
      20
      18
      17
      22
      23
      23
      31
      18
      17
      17
      16
      18
      19
      30
      27
      14
      16
      19
      25
      33
      23
      11
      25
      16
      21
      19
      23
      16
      27
      26
      25
      17
      32
      24
      29
      30
      26
      35
      32
      21
      27
      33
      31
      21
      27
      32
      20
      30
      26
      34
      36
      22
      19
      18
      34
      26
      31
      29
      25
      43
      36
      36
      27
      32
      33
      29
      38
      34
      29
      30
      27
      33
      51
      41
      37
      39
      27
      42
      24
      40
      56
      33
      36
      49
      45
      42
      32
      43
      43
      31
      44
      46
      36
      30
      45
      37
      39
      36
      44
      36
      42
      41
      35
      35
      48
      39
      51
      44
      48
      63
      54
      39
      36
      51
      47
      57
      53
      43
      49
      49
      54
      52
      44
      53
      50
      33
      52
      59
      58
      50
      60
      51
      60
      58
      45
      47
      55
      54
      49
      46
      60
      49
      57
      58
      60
      57
      56
      61
      63
      60
      67
      53
      63
      59
      71
      65
      53
      46
      56
      72
      48
      69
      56
      53
      78
      65
      77
      55
      77
      45
      63
      78
      74
      69
      68
      74
      59
      75
      77
      63
      68
      61
      67
      65
      65
      74
      66
      44
      78
      86
      60
      79
      54
      79
      83
      62
      60
      76
      60
      58
      96
      81
      82
      77
      63
      62
      64
      67
      65
      71
      79
      83
      62
      59
      66
     100
      69
      69
      73
      72
      97
      74
      82
      76
      60
      89
      84
      79
      85
      78
      83
      59
      94
      91
     106
      81
      82
      94
      82
      78
      72
      60
      99
     102
      76
      80
      73
      89
      83
      99
      84
      90
      81
      84
      83
     100
      78
      79
      83
     100
      85
      73
      87
      85
      83
      72
      83
      82
      89
      66
      91
     104
      87
      90
      74
      88
      79
      90
      78
      93
      89
      72
     116
      78
      78
      99
      81
      88
      85
      83
      90
     102
      79
      85
      83
      84
      89
     101
      96
      90
      90
      85
      76
      83
      77
      88
      70
      82
      77
      89
      90
      86
      80
      77
      74
      93
      76
      83
      94
     103
      94
      96
      68
      93
      85
      79
      82
      73
      76
      92
      95
      82
      86
      85
      68
      90
      96
      79
      86
      85
      90
      78
      72
      74
      76
      74
      75
      90
      91
      89
      81
      75
      85
      86
      91
      85
      79
      85
      80
      88
      84
      72
      77
      92
      81
      82
      81
      82
      88
      73
      79
      71
      77
      89
      69
      75
      76
      74
      80
      91
      63
      82
      68
      78
      90
      72
      91
      87
      71
      74
      75
      63
      73
      81
      89
      79
      66
      85
      74
      77
      70
      89
      65
      58
      66
      68
      84
      60
      69
      56
      67
      69
      67
      76
      83
      69
      69
      74
      71
      70
      57
      70
      74
      66
      76
      79
      60
      67
      77
      80
      52
      80
      67
      57
      57
      71
      53
      67
      58
      60
      55
      47
      64
      70
      62
      69
      69
      73
      41
      56
      67
      56
      50
      74
      68
      61
      52
      65
      52
      63
      52
      47
      50
      66
      56
      55
      56
      58
      61
      53
      65
      52
      61
      46
      50
      54
      49
      53
      69
      66
      64
      61
      54
      44
      52
      38
      48
      44
      58
      55
      67
      54
      63
      65
      68
      63
      51
      51
      47
      48
      57
      42
      48
      48
      39
      43
      46
      51
      56
      43
      39
      46
      46
      48
      46
      41
      42
      51
      41
      41
      48
      40
      43
      48
      36
      52
      53
      35
      36
      42
      46
      32
      46
      44
      43
      30
      43
      26
      34
      39
      35
      44
      43
      38
      51
      45
      36
      41
      37
      41
      41
      23
      40
      35
      45
      30
      36
      28
      36
      31
      38
      39
      38
      34
      37
      38
      39
      37
      39
      29
      34
      35
      31
      35
      32
      33
      34
      43
      33
      33
      25
      29
      33
      27
      22
      37
      27
      23
      41
      23
      33
      25
      34
      32
      38
      28
      27
      33
      35
      29
      21
      30
      40
      29
      30
      35
      23
      29
      18
      22
      25
      22
      28
      32
      25
      28
      34
      36
      29
      23
      25
      27
      22
      26
      23
      30
      26
      24
      22
      25
      24
      24
      21
      23
      16
      40
      21
      22
      29
      22
      24
      24
      26
      31
      24
      33
      21
      28
      29
      23
      28
      20
      18
      17
      24
      19
      26
      23
      15
      18
      21
      21
      24
      19
      19
      33
      21
      14
      18
      22
      16
      19
      18
      26
      18
      13
      21
      16
      26
      20
      20
      21
      18
      20
      18
      16
      17
      12
      18
      22
      22
      15
      16
      17
      18
      26
      25
      20
      16
      16
      24
      20
      19
      20
      20
      13
      19
      18
      14
      13
      18
      20
      13
      13
      14
      16
       9
      18
      17
      14
      16
      13
      18
      16
      10
      19
      16
      17
      13
      14
      12
      14
      13
      17
      10
      19
      19
      11
      21
      11
      11
      10
      12
      17
      14
      13
      12
      17
      21
      17
       8
      15
      10
      14
      16
      16
      17
      14
      14
      11
      15
      15
      18
      14
      11
      12
      12
      13
      11
      11
      19
      12
      16
      17
      11
      15
       8
       8
      18
      11
      20
      12
      10
       3
      10
       9
       8
      11
       7
      15
      10
       9
      11
      14
      13
       9
       9
      10
       7
       7
      13
       9
      14
       9
      14
       9
      13
      12
      14
      10
       9
       7
      10
      12
       5
       7
      10
      12
      13
      13
      13
      10
       6
       7
      13
       9
       8
       9
      11
       2
      11
      10
       2
       5
       6
      10
      10
      12
      12
       8
      18
       6
       6
      14
       4
      11
       4
      10
       7
       6
       9
       5
       5
      11
       9
      13
      14
      11
      11
       7
       7
       8
       7
       6
       7
       9
       7
       2
       6
       9
       7
       6
      11
      10
       8
       9
       7
      12
       9
       4
       8
       5
       3
       6
      10
       7
       9
       8
      10
       4
       4
       4
       5
       7
       8
       6
       8
       6
       5
       4
       7
       7
       2
       7
       4
       4
       6
       2
       3
      10
       9
       4
       7
       6
       5
       5
       6
       7
       8
       7
       4
       4
       3
       5
       6
       7
       4
       5
       5
       5
       9
       6
       7
       7
      11
       3
       2
       9
       2
       2
       6
       5
       5
       5
       5
       7
       7
       2
      10
       2
       4
       4
       2
       6
       5
       7
       4
       8
       4
       6
       5
       5
       3
       2
       5
       3
       2
       4
       6
       4
       5
       6
       6
       3
       4
       5
       7
       3
       7
       3
       4
       5
       4
       4
       2
      10
       5
       6
       3
       6
       5
       5
       6
       4
       4
       2
       4
       7
       6
       4
       4
       4
       4
       1
       8
       5
       3
       4
       2
       4
       5
       7
       2
       3
       5
       2
       7
       5
       5
       3
       4
       3
       5
       6
       4
       4
       5
       7
       8
       3
       4
       2
       4
       2
       4
       5
       1
       3
       4
       4
       3
       4
       2
       6
       1
       5
       3
       5
       8
       4
       3
       3
       2
       4
       6
       7
       8
       6
       5
       4
       1
       2
       5
       4
       2
       3
       4
       3
       3
       2
       3
       4
       2
       4
       5
       5
       2
       4
       6
       3
       2
       6
       4
       2
       2
       3
       1
       1
       3
       1
       2
       3
       3
       4
       1
       1
       1
       2
       1
       5
       4
       2
       5
       7
       0
       1
       4
       0
       5
       0
       0
       2
       4
       1
       1
       3
       3
       5
       2
       0
       1
       0
       0
       3
       2
       2
       2
       2
       1
       2
       1
       2
       4
       2
       5
       2
       3
       4
       1
       3
       2
       1
       0
       4
       1
       3
       2
       2
       3
       2
       0
       2
       1
       1
       3
       7
       3
       5
       1
       8
       0
       3
       2
       7
       1
       2
       2
       4
       1
       3
       2
       0
       1
       2
       3
       0
       2
       2
       1
       2
       1
       3
       0
       2
       3
       4
       0
       0
       1
       5
       1
       0
       1
       2
       3
       0
       5
       5
       3
       4
       2
       1
       1
       1
       2
       3
       2
       1
       1
       3
       3
       2
       2
       4
       5
       2
       2
       4
       1
       2
       2
       2
       1
       3
       2
       2
       3
       0
       3
       1
       1
       0
       1
       1
       2
       2
       0
       2
       1
       1
       2
       0
       1
       2
       1
       3
       1
       2
       0
       4
       2
       2
       3
       2
       0
       2
       1
       1
       4
       0
       1
       1
       1
       1
       1
       2
       2
       2
       5
       1
       0
       0
       1
       4
       2
       1
       1
       1
       4
       4
       4
       1
       3
       1
       5
       2
       1
       2
       1
       2
       2
       2
       1
       0
       0
       1
       1
       2
       2
       1
       0
       1
       1
       2
       2
       0
       0
       0
       0
       0
       0
       0
       0
       0
       0
       0
       0
       0
       0
       0
       0
       0
       0
       0
       0
       0
       0
       0
       0
       0
       0
       0
       0
       0
       0
       0
       0
$ROI:
1
5 2045
$PRESETS:
None
0
0
$ENER_FIT:
2.398192 0.051158
$MCA_CAL:
3
2.398192E+000 5.115788E-002 -1.279790E-007 ns
$SHAPE_CAL:
3
0.000000E+000 0.000000E+000 0.000000E+000
