$SPEC_ID:
No sample description was entered.
$SPEC_REM:
DET# 3
DETDESC# JLAB-22 MCB 129
AP# Maestro Version 7.01
$DATE_MEA:
10/02/2025 09:31:50
$MEAS_TIM:
99759 99759
$DATA:
0 2047
       0
       0
      17
       0
       0
       0
       0
       0
       0
       0
       0
       0
       0
       0
       0
       0
       0
       0
       0
       0
       0
       0
       0
       0
       0
       0
       0
       0
       0
       0
       0
       0
       0
       0
       0
       0
       0
       0
       0
       0
       0
       0
       0
       0
       0
       0
       0
       0
       0
       0
       0
       0
       0
       0
       0
       0
       0
       0
       0
       0
       0
       0
       0
       0
       0
       0
       0
       0
       0
       0
       0
       0
       0
       0
       0
       0
       0
       0
       0
       0
       0
       0
       0
       0
       0
       0
       0
       0
       0
       0
       0
       0
       0
       0
       0
       0
       0
       0
       0
       0
       0
       0
       0
       0
       0
       0
       0
       0
       0
       0
       0
       0
       0
       0
       0
       0
       0
       0
       0
       0
       0
       0
       0
       0
       0
       0
       0
       0
       0
       0
       0
       0
       0
       0
       0
       0
       0
       0
       0
       0
       0
       0
       0
       0
       0
       0
       0
       0
       0
       0
       0
       0
       0
       0
       0
       0
       0
       0
       0
       0
       0
       0
       0
       0
       0
       0
       0
       0
       0
       0
       0
       0
       0
       0
       0
       0
       0
       0
       0
       0
       0
       0
       0
       0
       0
       0
       0
       0
       0
       0
       0
       0
       0
       0
       0
       0
       0
       0
       0
       0
       0
       0
       0
       0
       0
       0
       0
       0
       0
       0
       0
       0
       0
       0
       0
       0
       0
       0
       0
       0
       0
       0
       0
       0
       0
       0
       0
       0
       0
       0
       0
       0
       0
       0
       0
       0
       0
       0
       0
       0
       0
       0
       0
       0
       0
       0
       0
       0
       0
       0
       0
       0
       0
       0
       0
       0
       0
       0
       0
       0
       0
       0
       0
       0
       0
       0
       0
       0
       0
       0
       0
       0
       0
       0
       0
       0
       0
       0
       0
       0
       0
       0
       0
       0
       0
       0
       0
       0
       0
       0
       0
       0
       0
       0
       0
       0
       0
       0
       0
       0
       0
       0
       0
       0
       0
       0
       0
       0
       0
       0
       0
       0
       0
       0
       0
       0
       0
       0
       0
       0
       0
       0
       0
       0
       0
       0
       0
       0
       0
       0
       0
       0
       0
       0
       0
       0
       0
       0
       0
       0
       0
       0
       0
       0
       0
       0
       0
       0
       0
       0
       0
       0
       0
       0
       0
       0
       0
       0
       0
       0
       5
       6
      11
      16
      14
      23
      20
      18
      18
      16
      15
      20
      24
      12
      14
      19
      11
      22
      25
      15
      18
      22
      21
      17
      21
      21
      18
      20
      28
      16
      26
      16
      16
      19
      25
      14
      20
      13
      19
      11
      15
      22
      11
      13
      21
      15
      17
      12
      15
       8
      11
      13
      18
      17
      22
      19
      14
      18
      11
      11
      14
      14
      13
      12
      10
       7
      10
      11
      10
      11
      20
      19
      11
      13
       8
      12
      20
      10
      17
      15
      15
      16
      11
      14
      18
      14
      16
      19
      14
      10
      22
      19
      12
      20
      20
      14
      12
      14
      11
      19
      10
      16
      13
      20
      16
      14
      21
      16
      13
      11
      12
      16
      10
      14
      15
      16
      15
      13
      11
      14
       9
      15
      15
       9
      14
      17
      11
      16
      25
      12
       6
      15
      14
      11
      11
      11
      10
      14
       7
      14
      20
      10
       6
      12
      11
       9
      13
       8
      10
       7
      14
      11
      14
      11
      12
      16
      10
      15
       5
      12
      11
      13
      13
       9
      13
      16
      15
      12
      10
      14
      12
       6
      10
      18
       8
       9
      12
      15
      20
      15
      23
      15
      10
      16
      13
       9
       9
      10
      13
      11
      15
      13
      13
      13
      10
      15
      16
       9
       5
      11
      13
      11
      14
      10
       8
       8
      11
      10
      14
      16
       9
      14
      10
      11
      14
      13
      15
      17
      13
      14
      11
      16
      17
      13
      16
       8
      10
       8
      10
      15
      14
      17
      13
      13
      13
      13
       8
       5
      12
      10
       7
      10
      15
      17
      13
       7
      13
      16
       8
       5
      17
       7
      12
      23
       7
      16
      11
      11
      11
      16
      10
      11
      10
       7
      12
      15
       9
      10
      16
      16
      12
      14
      13
      14
       9
       8
      13
      15
       9
      11
      10
      14
      17
      12
       6
      12
      12
      10
      10
       4
      12
       5
      12
      11
      10
      10
       7
      11
       9
       9
       4
       7
      14
      17
      11
      10
       4
      10
       7
      11
       9
      13
       7
       8
       5
       7
       7
       8
      12
      11
      10
       9
      14
      17
      18
      16
      15
       9
      16
      16
      11
      21
       6
      13
      14
      14
      10
       9
       7
       8
      10
      14
      11
       8
       8
      10
      12
      15
       9
       9
      12
       9
       4
      14
      17
      13
      12
      10
      12
      10
       4
      18
       9
      13
      10
       4
      18
      12
      19
       8
      13
       9
      11
       7
      12
      16
       9
      11
       6
       8
      10
       8
      14
       6
       9
      15
      12
       8
       9
      10
      16
       9
      13
       8
      14
      10
       9
       6
       8
      11
       9
      10
       8
      15
       8
       9
       9
       8
       4
       4
       5
      10
      18
       7
       9
      10
       7
       5
       8
      13
      11
      10
       4
       3
       5
      12
      10
       8
       9
      10
       4
       9
       7
      10
      12
       8
       4
      11
       9
       7
      15
      10
       8
      10
      11
       7
       9
       9
      13
       8
      11
      10
      12
      12
      13
      10
      11
       9
       2
       6
       8
      11
       5
       6
       9
       9
      16
      10
      10
       9
       5
      10
       8
       8
       6
      12
      13
      12
       6
      12
       8
      10
       7
      12
       6
       4
       5
       5
      10
      12
       6
      12
       3
      11
      12
       7
      10
       8
       5
       9
      14
      10
      12
      11
       7
      12
       7
      11
      13
      12
       5
       9
       9
       5
      16
       6
       9
      11
       7
       9
       3
       6
       9
       7
      12
      12
       4
      12
       3
       4
       9
       8
       9
       7
       9
      11
       8
       7
      10
       2
       3
       7
       6
       8
       7
       3
       5
       9
      10
       9
       9
       6
      13
       4
       9
       5
       8
      11
       5
       7
       4
      11
       3
       4
       8
       7
       8
       7
      10
      11
       9
       6
       9
       8
       7
       9
      11
      10
      10
       4
       5
       5
       1
       4
       5
       2
       8
       6
      10
       7
       5
       6
       5
       5
       6
       6
       8
       7
       3
      10
       4
       9
       6
       5
       5
       6
       8
       6
       5
       3
       6
       7
       7
       7
       6
       9
       5
       9
       7
       3
       8
       3
       8
       8
       3
       5
       2
       8
       5
      10
       9
       7
       6
       7
      12
       6
       1
       5
       5
       6
       7
       6
       8
       5
       7
       5
       7
       8
      14
       6
       2
       5
       9
       6
       7
       9
      13
       7
       8
       7
       7
       4
       5
       6
       3
       8
       7
       7
       9
       2
       8
      11
       3
       3
       5
       7
      11
       9
       8
       6
       6
       8
       9
      11
       6
      11
       5
       3
       7
      12
       3
       6
       9
       5
       3
       6
       4
       7
      11
       6
       5
      11
       8
      10
       4
       9
       7
       6
       5
       7
       3
       5
       3
      10
       5
       4
       3
      10
       5
       8
       6
       7
       3
       6
       6
       6
       3
       7
       9
      10
       4
       5
       8
       7
       4
       7
       8
       6
       7
      11
       4
       6
       7
       7
       4
       7
       8
       5
       5
       5
       5
       4
       4
       7
       8
       6
       8
       7
       3
       5
      11
      10
       6
       4
       7
       9
       3
       5
       6
      10
      11
       4
       5
       8
       6
       4
       5
       8
       6
      11
       6
       5
       4
       9
       6
      10
       7
       3
       5
       8
      12
       7
       6
       2
       7
       4
       4
       8
       5
       4
      11
       4
      10
       3
       4
       8
       6
       5
       5
       6
       7
       5
       9
       7
       7
       6
       3
       5
       7
       5
       6
       6
       5
       4
      10
      11
       4
       3
      11
       7
       6
       9
       8
       3
       8
       6
       2
       4
       6
       4
       6
       5
       6
       7
      12
       3
       5
       9
       9
       6
       7
       8
       9
      10
       1
      12
       6
       3
       5
       4
       7
       5
       2
      10
       4
       7
       7
       7
       3
       7
       2
       3
       5
       3
       7
       2
       3
       2
       2
       4
       8
      10
       8
       3
       8
       2
       4
       4
       1
       6
       3
       4
       4
       2
       3
       7
       5
       4
       1
       8
       4
       2
       5
       4
       3
       4
       7
       8
       3
       7
       2
      10
       7
       3
       7
       4
       5
       2
       0
       7
       4
       4
       3
       7
       5
       4
       7
       3
       7
       5
       4
       3
       6
       5
       9
       2
       4
       4
       4
       4
       6
       5
       4
       6
       3
       6
       6
       4
       3
       3
       2
       4
       6
       8
       5
       6
       6
       5
       6
       5
       3
       1
       8
       2
       4
       6
       7
       5
       3
       2
       6
       6
       5
       5
       9
       2
       2
       3
       8
       6
       6
       4
       7
       1
       8
       6
       4
      13
       3
       7
       3
       5
       4
       6
       5
      12
       4
       6
       2
       3
       4
       9
       2
       1
       4
       7
       5
       3
       5
       6
       6
       6
       3
       2
       2
       6
      10
       4
       6
       6
       6
       6
       3
       3
       6
       4
       3
       4
       1
       2
       2
       9
       4
       6
       6
       3
       4
       4
       4
       5
       2
       2
       5
       7
       4
       5
       7
       3
       3
       2
       4
       3
       6
       3
       2
       6
       4
       5
       2
       8
       9
       7
       3
       3
       5
       3
       2
       5
       2
      10
       2
       2
       4
       3
       7
       3
       2
       1
       4
       4
       4
       3
       7
       7
       7
       5
       3
       1
       2
       3
       4
       4
       5
       4
       4
       3
       2
       5
       4
       3
       7
       5
       4
       0
       2
       4
       3
       5
       7
       3
       5
       4
       7
       3
       4
       4
       4
       3
       6
       2
       4
       6
       1
       4
       2
       7
       6
       4
       8
       4
       5
       5
       3
       4
       4
       5
       1
       5
       8
       6
       1
       8
       1
       2
       6
       5
       6
       2
       2
       4
       7
       7
       4
       2
       8
       9
       1
       5
       4
       6
       5
       6
       5
       4
       5
       5
       5
       3
       7
       5
       5
       3
       5
       4
       3
       9
       5
       8
       8
       6
       2
       4
       5
       5
       2
       1
       1
       4
       6
       4
       4
       2
       3
       7
       4
       5
       7
       3
       3
       5
       4
       6
       4
       4
       2
       4
       3
       3
       7
       6
       4
       4
       6
       6
       3
       8
       5
       2
       7
       5
       6
       3
       7
       2
       4
       4
       7
       2
       4
       5
       4
       5
       5
       6
       7
       2
       2
       8
       3
       5
       6
       6
       8
       4
       9
       4
       4
       2
       6
       2
       5
       5
       3
       3
       4
       6
       2
       4
       5
       4
       6
       1
       2
       3
       6
       2
       0
       2
       2
       4
       4
       5
       2
       9
       6
       6
       3
       4
       1
       7
       8
       5
       3
       4
       3
       1
       5
       4
       4
       1
       4
       6
       5
       4
       5
       4
       3
       4
       4
       8
       3
       2
       5
       1
       5
       5
       3
       6
       7
       4
       2
       4
       3
       8
       7
       2
       2
       3
       6
       4
       3
       5
       5
       3
       6
       5
       6
       5
       6
       3
       6
       4
       3
       6
       5
       9
       6
       4
       7
       3
       3
       4
       4
       3
       7
       5
       3
       5
       1
       4
       2
       4
       2
       4
       2
       2
       8
       5
       5
       4
       1
       5
       2
       6
       3
       4
       6
       3
       3
       5
       4
       3
       3
       5
       4
       3
       3
       1
       2
       4
       4
       4
       3
       4
       4
       3
       7
       2
       6
       5
       5
       1
       4
       0
       4
       4
       6
       1
       3
       2
       2
       2
       2
       2
       4
       4
       6
       4
       6
       1
       2
       5
       7
       4
       5
       1
       2
       3
       4
       5
       3
       0
       7
       5
       6
       7
       4
       7
       3
       9
       1
       3
       3
       4
       3
       2
       7
       2
       5
       3
       3
       6
       6
       5
       3
       5
       4
       7
       1
       1
       3
       3
       3
       5
       2
       5
       5
       4
       5
       4
       3
       4
       2
       6
       3
       6
       1
       2
       5
       4
       3
       6
       4
       3
       4
       2
       4
       5
       3
       4
       1
       9
       4
       4
       0
       3
       1
       0
       4
       2
       7
       6
       9
       4
       5
       2
       2
       3
       2
       5
       4
       9
       5
       6
       6
       6
       3
       4
       4
       2
       3
       3
       5
       5
       2
       1
       0
       3
       6
       5
       5
       4
       5
       6
       3
       1
       4
       3
       4
       5
       3
       4
       5
       5
       7
       1
       4
       3
       3
       3
       1
       6
       5
       4
      10
       4
       9
       6
       6
       5
       3
       2
       4
       2
       2
       2
       7
       7
       2
       4
       4
       4
       5
       4
       4
       3
       4
       3
       3
       3
       4
       3
       3
       5
       5
       5
       8
       2
       5
       6
       2
       4
       4
       4
       3
       7
       3
       8
       0
       2
       1
       6
       7
       8
       5
       6
       9
       2
       1
       4
       5
       3
       5
       6
       5
       1
      14
       8
       3
       2
       6
       1
       2
       6
       5
       9
       5
       2
       3
       5
       4
       1
       2
       2
       4
       4
       3
       5
       4
       2
       3
       5
       4
       1
       7
       1
       2
       5
       3
       6
       4
       3
       2
       5
       4
       5
       2
       7
       6
       1
       7
       4
       3
       2
       3
       4
       0
       0
       0
       0
       0
       0
       0
       0
       0
       0
       0
       0
       0
       0
       0
       0
       0
       0
       0
       0
       0
       0
       0
       0
       0
       0
       0
       0
       0
       0
       0
       0
$ROI:
1
5 2045
$PRESETS:
None
0
0
$ENER_FIT:
2.398192 0.051158
$MCA_CAL:
3
2.398192E+000 5.115788E-002 -1.279790E-007 ns
$SHAPE_CAL:
3
0.000000E+000 0.000000E+000 0.000000E+000
