$SPEC_ID:
No sample description was entered.
$SPEC_REM:
DET# 3
DETDESC# JLAB-22 MCB 129
AP# Maestro Version 7.01
$DATE_MEA:
09/29/2025 17:03:45
$MEAS_TIM:
161656 161657
$DATA:
0 2047
       0
       0
       0
       0
       0
       1
       0
       0
       0
       0
       0
       0
       0
       0
       0
       0
       0
       0
       0
       0
       0
       0
       0
       0
       0
       0
       0
       0
       0
       0
       0
       0
       0
       0
       0
       0
       0
       0
       0
       0
       0
       0
       0
       0
       0
       0
       0
       0
       0
       0
       0
       0
       0
       0
       0
       0
       0
       0
       0
       0
       0
       0
       0
       0
       0
       0
       0
       0
       0
       0
       0
       0
       0
       0
       0
       0
       0
       0
       0
       0
       0
       0
       0
       0
       0
       0
       0
       0
       0
       0
       0
       0
       0
       0
       0
       0
       0
       0
       0
       0
       0
       0
       0
       0
       0
       0
       0
       0
       0
       0
       0
       0
       0
       0
       0
       0
       0
       0
       0
       0
       0
       0
       0
       0
       0
       0
       1
       4
       3
       2
       2
       0
       2
       1
       3
       0
       2
       4
       1
       1
       0
       1
       1
       0
       1
       2
       3
       2
       0
       2
       3
       0
       1
       2
       1
       2
       1
       1
       3
       0
       1
       3
       5
       2
       2
       3
       3
       3
       1
       4
       1
       1
       2
       1
       2
       1
       4
       2
       2
       1
       0
       2
       2
       4
       1
       1
       2
       2
       5
       0
       2
       2
       1
       2
       0
       2
       0
       3
       2
       2
       1
       0
       0
       0
       3
       1
       0
       1
       6
       1
       1
       2
       2
       2
       1
       2
       4
       5
       1
       3
       2
       2
       0
       2
       0
       0
       1
       2
       0
       1
       3
       3
       1
       0
       0
       3
       2
       3
       0
       2
       3
       4
       1
       2
       1
       2
       1
       3
       3
       1
       1
       0
       3
       2
       0
       4
       4
       5
       2
       3
       3
       5
       2
       4
       4
       4
       1
       0
       4
       1
       4
       1
       1
       1
       0
       1
       0
       2
       6
       3
       2
       5
       1
       3
       3
       5
       3
       1
       3
       2
       0
       5
       2
       4
       2
       1
       2
       3
       3
       4
       1
       1
       2
       4
       2
       1
       1
       1
       2
       1
       2
       0
       2
       1
       3
       3
       2
       2
       6
       0
       3
       0
       1
       1
       2
       1
       2
       2
       1
       3
       4
       3
       1
       1
       4
       0
       3
       3
       5
       1
       4
       2
       1
       2
       4
       1
       2
       1
       2
       4
       2
       1
       5
       3
       1
       1
       3
       3
       2
       3
       2
       3
       5
       3
       2
       5
       3
       1
       2
       0
       2
       4
       4
       4
       1
       5
       3
       6
       4
       6
       4
       4
       6
       5
       0
       1
       1
       5
       4
       6
       6
       3
       1
       8
       4
       2
       3
       3
       3
       3
       5
       1
       4
       5
       3
       1
       0
       1
       4
       3
       2
       1
       5
       4
       3
       2
       4
       3
       4
       4
       1
       2
       3
       7
       1
       5
       1
       5
       2
       5
       4
       1
       2
       6
       6
       1
       2
       3
       1
       2
       1
       2
       3
       2
       1
       2
       3
       5
       4
       4
       3
       3
       4
       3
       5
       1
       1
       4
       5
       1
       5
       6
       7
       3
       5
       4
       3
       4
       6
       3
       4
       4
       3
       9
       6
       4
       3
       3
       3
       4
       2
       5
       5
       6
       0
       6
       7
       4
       1
       8
       3
       6
       6
       3
       1
       1
       7
       4
       4
       2
       2
       3
       3
       2
       6
       5
       2
       2
       8
       4
       4
       2
       4
       4
       4
       3
       4
       4
       3
       3
       4
       7
       3
       7
       9
       4
       4
       9
       3
       3
       6
       3
       3
       8
       2
       5
       6
       2
       2
       3
       3
       4
       2
       7
       3
       7
       3
       7
       7
       5
       9
       8
       1
       2
      11
       3
       1
       6
       7
       2
       7
       6
       6
       7
       6
       7
      10
      10
       2
       7
      10
      12
       7
      10
       5
      10
       6
       6
       6
      14
       8
       6
       5
       5
       5
       5
       2
       9
       8
       4
       6
      16
      10
       7
       7
       8
       8
       6
       6
      10
       6
       9
       8
      10
       1
       8
      11
       7
       3
      10
       9
      11
      12
       8
      15
       9
      12
       9
      10
      11
       7
      15
       8
      15
       6
      11
      13
       9
      14
      12
       5
       8
       7
      12
       6
       9
       7
      10
      16
      12
      11
       9
      12
      10
      14
      12
       7
      11
      10
       7
      11
       8
      15
      16
      14
      11
      21
      19
       8
      16
      10
       6
      14
      10
      11
      13
      15
      10
      10
       9
      17
      16
      11
      16
      10
      13
      10
      18
      11
      15
      16
      22
       9
      17
       9
      16
      17
      16
      10
      12
      10
      15
      17
      18
      18
      19
      15
       7
      16
      14
      12
      13
      15
      13
      17
      26
      14
      16
      17
      29
      12
      19
      22
      19
      10
      26
      18
      22
      17
      11
      19
      27
      14
      21
      21
      18
      24
      21
      23
      20
      22
      17
      17
      27
      19
      21
      20
      24
      19
      26
      30
      16
      21
      26
      24
      15
      27
      29
      21
      29
      31
      22
      25
      32
      23
      26
      35
      16
      22
      32
      27
      17
      22
      21
      22
      42
      32
      38
      27
      28
      29
      42
      27
      37
      32
      41
      30
      28
      30
      39
      29
      45
      33
      39
      44
      31
      41
      35
      36
      30
      33
      26
      39
      33
      37
      33
      42
      36
      37
      34
      37
      43
      38
      40
      35
      55
      37
      36
      38
      54
      34
      37
      53
      38
      27
      33
      49
      49
      44
      41
      55
      44
      38
      41
      38
      39
      37
      40
      58
      50
      48
      55
      53
      52
      45
      67
      51
      43
      55
      57
      57
      51
      69
      60
      75
      63
      70
      58
      53
      63
      55
      54
      55
      41
      58
      58
      52
      60
      72
      63
      61
      58
      64
      70
      67
      70
      88
      73
      65
      81
      76
      66
      55
      67
      68
      55
      68
      73
      88
      67
      64
      70
      79
      66
      69
      89
      63
      75
      82
      83
      69
     102
      81
      68
      74
      85
      87
      77
      87
      90
      78
      89
      76
      94
      90
     101
     101
      88
     109
      89
      96
     100
      93
      96
      87
      85
      78
     101
      93
      91
      84
      79
     108
      85
     101
      98
      91
      98
      91
      92
     116
      98
     105
      82
      94
     100
      93
      86
     107
     112
      96
      96
      95
      97
     117
     106
     108
      89
      89
     107
      94
      93
     111
     127
      96
     103
     123
      93
     114
     120
     110
     101
     111
      94
      92
     110
     117
     100
     102
     123
     122
     102
     120
     123
     129
     108
     101
     120
     118
     117
      93
     123
     100
     109
     120
     124
     111
     117
     106
     110
     107
     148
     120
     106
     122
     136
     133
     101
     120
     106
     125
     102
     106
     120
     128
     125
     132
     134
     116
     123
     131
     125
     125
     122
     107
     102
     122
     118
     120
     123
     131
      97
     123
     140
     128
     106
     132
     139
     123
     121
     145
     113
     122
     121
     138
     122
     123
     106
     136
     119
     124
     130
     142
     127
     122
     134
     134
     113
     136
     118
     157
     131
     121
     134
     109
     119
     112
     113
     144
     115
     109
     118
     132
     129
     122
     118
     129
     120
     131
     135
     131
     120
     108
     115
     123
     122
     138
     105
     139
     125
     101
     135
     122
     153
     109
     112
     121
     122
     134
     120
     132
     119
     135
     120
     133
     113
     128
     127
     107
     112
     118
     140
     115
     135
     108
     116
     113
     125
     118
     134
     106
     124
     101
     123
     115
     127
     120
     118
     126
     116
     102
     124
     113
     118
     124
     112
     113
     126
      99
     127
     102
     122
     119
     123
     112
     103
     110
     101
      95
     109
     108
     110
     112
     106
     114
     104
     110
     113
      90
     111
      96
     100
     103
      94
     108
     108
      96
     108
     114
     100
     110
      96
     116
     101
      98
     115
      95
      86
     104
     104
     101
      92
      93
     100
      78
      99
      95
      86
     109
      82
     101
      98
      89
      84
     104
      99
     104
      77
      84
     101
     100
      80
      87
      92
      76
      69
      91
      84
      76
      78
      82
      96
     108
      82
      86
      92
      90
      78
      78
      89
      76
      84
      88
      83
      80
      66
      83
      83
      83
      81
      81
      77
      88
      74
      87
      95
      70
      77
      69
      88
      65
      80
      66
      75
      58
      68
      77
      76
      63
      69
      68
      85
      78
      72
      73
      87
      76
      68
      73
      45
      68
      62
      71
      69
      65
      70
      67
      79
      68
      65
      56
      56
      72
      56
      74
      65
      54
      56
      47
      54
      65
      48
      72
      57
      52
      50
      47
      60
      65
      62
      64
      54
      54
      60
      52
      50
      56
      56
      42
      58
      57
      48
      57
      55
      64
      62
      45
      55
      49
      52
      62
      48
      62
      49
      58
      50
      50
      47
      45
      47
      38
      55
      54
      57
      42
      44
      57
      50
      54
      52
      60
      42
      54
      61
      50
      39
      59
      37
      47
      48
      30
      41
      37
      54
      40
      40
      41
      40
      42
      44
      48
      38
      40
      43
      46
      47
      36
      38
      32
      29
      48
      43
      40
      54
      45
      37
      37
      34
      48
      35
      33
      36
      50
      33
      37
      38
      48
      45
      34
      26
      31
      41
      31
      33
      44
      42
      39
      34
      34
      43
      31
      28
      32
      28
      34
      31
      39
      39
      29
      24
      36
      30
      26
      27
      29
      30
      30
      37
      24
      36
      29
      29
      36
      28
      28
      40
      22
      33
      24
      35
      30
      32
      22
      32
      30
      32
      30
      22
      28
      21
      22
      21
      34
      29
      16
      21
      31
      19
      27
      24
      23
      25
      17
      28
      25
      25
      23
      15
      16
      27
      28
      20
      27
      25
      21
      23
      25
      26
      21
      22
      23
      17
      22
      10
      21
      17
      22
      21
      22
      25
      28
      35
      17
      27
      33
      24
      16
      15
      27
      17
      23
      24
      16
      20
      24
      14
      15
      17
      18
      20
      18
      23
      18
      24
      23
      17
      20
      15
      20
      29
      17
      22
      18
      14
       8
      21
      19
      25
      19
      19
      16
      17
      10
      22
      12
      21
      17
      11
      18
       8
      20
      17
      17
      19
      18
      17
      16
      13
      20
      17
      13
      13
      12
      16
      18
      13
      16
      18
      12
       9
      11
      15
      18
      20
      10
       9
      14
      11
      14
       6
      15
      10
      24
      16
      20
      18
       6
      13
      12
      11
      11
      11
      15
       7
      11
      18
      17
       8
       5
       6
      18
      18
       7
      14
      11
       7
      12
      11
      12
      14
      13
      25
      10
      12
       8
      15
      11
      13
      13
      10
      18
      11
      10
      16
      10
      11
       7
       5
       7
       9
       9
       5
       9
      10
       9
       9
       9
       9
       9
       6
      12
      11
      11
       6
      11
      13
       7
       7
      11
      13
      11
      11
      15
      11
      11
      12
      10
       6
       6
       8
      12
       9
       9
      10
      11
       9
      13
      10
       8
       6
      10
       2
      10
       9
      10
       8
      10
       7
      15
      15
       8
       5
      10
      12
      13
       6
       5
       6
      13
       6
       3
       8
       8
       9
       3
      10
       7
      10
       4
      11
       8
       7
       8
       7
       5
       2
       5
       5
       6
       8
       2
       2
       5
      10
       8
       8
       4
       8
       8
      14
      13
       8
       5
       5
       6
       5
       6
       8
       6
       5
       5
       8
       7
      12
       3
       6
       6
       3
       2
       7
       6
       8
       6
       7
       6
       6
       6
       7
       7
       4
       6
       7
       2
      10
       5
      11
      11
       8
       2
       5
       4
       5
      10
       8
       4
       5
       4
       7
       2
       6
       7
       6
       2
       3
       2
       5
       3
       1
       2
       5
       5
       5
       7
       4
       5
       8
       9
       6
       4
       2
       1
      10
       5
       5
       5
       3
       3
       4
       5
       1
       6
       4
       3
       4
       8
       7
       5
       3
       8
       7
       3
       8
       9
       3
       3
       3
       7
       4
       5
       8
       3
       7
       4
       7
       0
       5
       5
       4
       5
       2
       2
       4
       5
       8
       4
       4
       3
       6
       4
       3
       5
       7
       6
       2
       3
       4
       4
       3
       4
       4
       8
       1
       5
       5
       4
       1
       2
       3
       2
       3
       2
       2
       2
       3
       4
       3
       3
       2
       1
       2
       2
       1
       5
       2
       8
       1
       3
       6
       3
       3
       5
       1
       2
       2
       2
       1
       2
       3
       4
       5
       4
       1
       4
       2
       2
       5
       1
       3
       4
       2
       4
       5
       2
       1
       3
       4
       3
       4
       3
       4
       5
       3
       4
       2
       2
       3
       2
       1
       1
       2
       0
       3
       4
       0
       2
       1
      11
       2
       0
       1
       3
       2
       0
       4
       2
       2
       2
       2
       6
       5
       1
       4
       1
       2
       0
       1
       4
       1
       2
       5
       2
       4
       3
       0
       1
       4
       4
       1
       3
       7
       2
       1
       3
       5
       4
       1
       2
       2
       3
       5
       4
       2
       2
       5
       3
       2
       2
       0
       0
       4
       4
       0
       2
       1
       2
       2
       7
       2
       4
       5
       1
       1
       4
       3
       1
       0
       3
       6
       2
       3
       1
       1
       1
       0
       3
       4
       1
       1
       2
       5
       2
       1
       0
       1
       7
       3
       2
       4
       2
       3
       4
       1
       2
       0
       1
       0
       1
       5
       3
       1
       2
       2
       1
       6
       1
       3
       3
       1
       2
       0
       1
       1
       5
       1
       4
       2
       4
       1
       0
       2
       2
       6
       0
       4
       1
       2
       0
       0
       0
       0
       0
       0
       0
       0
       0
       0
       0
       0
       0
       0
       0
       0
       0
       0
       0
       0
       0
       0
       0
       0
       0
       0
       0
       0
       0
       0
       0
       0
$ROI:
1
5 2045
$PRESETS:
None
0
0
$ENER_FIT:
2.398192 0.051158
$MCA_CAL:
3
2.398192E+000 5.115788E-002 -1.279790E-007 ns
$SHAPE_CAL:
3
0.000000E+000 0.000000E+000 0.000000E+000
