$SPEC_ID:
No sample description was entered.
$SPEC_REM:
DET# 3
DETDESC# JLAB-22 MCB 129
AP# Maestro Version 7.01
$DATE_MEA:
10/01/2025 14:23:41
$MEAS_TIM:
1809 1809
$DATA:
0 2047
       0
       0
       0
       0
       0
       0
       0
       0
       0
       0
       0
       0
       0
       0
       0
       0
       0
       0
       0
       0
       0
       0
       0
       0
       0
       0
       0
       0
       0
       0
       0
       0
       0
       0
       0
       0
       0
       0
       0
       0
       0
       0
       0
       0
       0
       0
       0
       0
       0
       0
       0
       0
       0
       0
       0
       0
       0
       0
       0
       0
       0
       0
       0
       0
       0
       0
       0
       0
       0
       0
       0
       0
       0
       0
       0
       0
       0
       0
       0
       0
       0
       0
       0
       0
       0
       0
       0
       0
       0
       0
       0
       0
       0
       0
       0
       0
       0
       0
       0
       0
       0
       0
       0
       0
       0
       0
       0
       0
       0
       0
       0
       0
       0
       0
       0
       0
       0
       0
       0
       0
       0
       0
       0
       0
       0
       0
       0
       0
       0
       0
       0
       0
       1
       0
       0
       0
       0
       0
       0
       0
       0
       0
       0
       0
       0
       1
       1
       0
       0
       0
       1
       0
       0
       0
       0
       0
       0
       1
       1
       0
       0
       0
       0
       0
       0
       0
       0
       0
       0
       0
       0
       0
       0
       0
       0
       0
       0
       0
       0
       0
       1
       1
       0
       0
       1
       0
       0
       0
       0
       0
       0
       0
       1
       0
       1
       1
       0
       0
       1
       0
       0
       1
       0
       0
       0
       0
       0
       1
       0
       0
       0
       0
       0
       0
       0
       0
       1
       0
       0
       0
       0
       0
       1
       1
       0
       0
       1
       0
       0
       0
       0
       0
       0
       0
       0
       0
       0
       2
       0
       0
       1
       0
       0
       0
       0
       0
       1
       1
       1
       0
       0
       0
       0
       0
       1
       0
       0
       1
       0
       0
       0
       0
       0
       0
       0
       1
       1
       1
       2
       1
       0
       0
       0
       0
       0
       0
       0
       1
       1
       0
       0
       0
       0
       0
       0
       1
       0
       0
       1
       1
       0
       1
       1
       1
       0
       0
       0
       0
       0
       0
       1
       1
       1
       0
       0
       0
       0
       1
       0
       0
       1
       2
       0
       2
       0
       1
       0
       0
       0
       0
       0
       1
       0
       0
       0
       1
       0
       2
       2
       1
       1
       2
       0
       0
       0
       1
       0
       1
       0
       1
       0
       0
       0
       0
       0
       1
       2
       1
       1
       0
       5
       1
       0
       0
       1
       1
       1
       1
       0
       1
       3
       1
       0
       2
       1
       1
       1
       1
       0
       0
       0
       1
       1
       2
       0
       0
       1
       0
       0
       0
       2
       1
       1
       1
       0
       2
       1
       0
       0
       0
       2
       2
       1
       2
       0
       0
       0
       0
       2
       4
       4
       2
       1
       1
       2
       0
       1
       0
       1
       2
       0
       2
       1
       0
       4
       0
       4
       4
       0
       2
       4
       4
       2
       2
       3
       1
       0
       4
       1
       1
       3
       2
       0
       1
       0
       1
       3
       2
       1
       2
       1
       0
       1
       2
       1
       2
       1
       2
       2
       3
       0
       4
       1
       1
       3
       2
       3
       0
       0
       2
       0
       5
       1
       5
       1
       0
       2
       1
       4
       3
       4
       2
       1
       3
       2
       2
       0
       3
       4
       2
       2
       4
       1
       3
       5
       3
       1
       4
       1
       3
       2
       6
       4
       0
       3
       1
       1
       5
       4
       4
       4
       7
       4
       4
       2
       3
       2
       6
       3
       7
       4
       4
       7
       4
       4
       4
       4
       4
       2
       4
       6
       7
       2
       4
       7
       6
       2
       1
       5
       5
       4
       3
       5
       8
       6
       6
       7
       6
       1
       7
       4
       3
       2
       9
       4
       8
       5
       3
       6
       7
       5
       6
       6
       4
       7
       4
       9
       7
      10
       3
       8
       7
       6
      11
       7
       2
      13
       6
       8
       5
      10
       8
       4
       6
      10
       5
       8
       8
       8
       8
       8
       4
       6
       6
       9
       5
       8
      12
       6
      11
       8
       9
      17
      12
      13
       3
       9
       8
      13
      11
       6
       8
      13
       7
      11
       9
       8
      10
      16
       8
      10
       7
      10
       6
      10
      10
      13
      11
       9
      14
      12
       8
      10
      12
      10
      14
       7
      16
      13
      12
       8
      15
      10
      13
      14
      20
      22
      11
      23
      15
      13
      18
      15
      15
      12
      18
      14
      13
       8
      15
      16
      19
      16
      21
      19
      11
      19
      22
      13
      17
      19
      17
      18
      17
      16
      21
      17
       7
      19
      21
      19
      22
      19
      18
      18
      15
      26
      23
      23
      20
      20
      24
      19
      29
      23
      21
      19
      23
      24
      17
      18
      21
      24
      30
      23
      20
      18
      22
      27
      22
      20
      24
      15
      26
      28
      21
      17
      28
      33
      23
      20
      21
      16
      21
      11
      17
      35
      21
      19
      36
      30
      31
      25
      22
      25
      30
      36
      25
      25
      25
      18
      27
      22
      32
      37
      27
      22
      31
      28
      22
      27
      24
      25
      37
      29
      31
      23
      28
      22
      28
      23
      25
      26
      22
      23
      29
      22
      29
      26
      18
      26
      22
      34
      19
      28
      29
      25
      23
      24
      28
      27
      20
      28
      20
      28
      19
      27
      29
      27
      20
      22
      35
      28
      38
      18
      27
      39
      19
      28
      24
      20
      21
      18
      30
      25
      22
      21
      22
      24
      22
      29
      21
      31
      27
      29
      24
      21
      19
      24
      24
      20
      30
      26
      24
      33
      22
      26
      22
      25
      32
      32
      28
      27
      22
      25
      23
      26
      26
      22
      20
      23
      25
      25
      18
      20
      24
      30
      22
      25
      19
      20
      24
      26
      23
      26
      17
      21
      14
      15
      23
      24
      17
      25
      20
      31
      20
      23
      13
      23
      29
      25
      14
      25
      20
      13
      17
      29
      16
      22
      16
      26
      19
      18
      20
      24
      20
      16
      24
      21
      15
      16
      17
      14
      21
      21
      13
      19
      19
      14
      20
      14
      13
      19
      19
      16
      18
      19
      16
      12
      21
      18
      17
      12
      18
      15
      25
      16
      17
      17
      27
      25
      11
      11
      19
      12
      13
      12
      22
      19
      11
      15
      17
      15
      15
      20
      13
      19
      10
      17
      13
      12
      10
      10
      14
      13
      10
      10
      18
      17
      15
      12
      12
      14
       9
      10
      21
      12
      12
       9
      13
      12
      13
      16
      15
      13
      10
      10
      15
      19
      14
      15
      11
      12
      14
      13
      17
       7
      12
      18
      16
      13
      14
      10
      13
      11
       9
       8
      13
      14
      11
      13
       9
       9
       9
      10
       9
      13
      12
      19
      12
       9
      12
      17
      10
       8
       8
      12
       8
      10
      16
      12
       8
       5
       9
       9
      15
       8
      11
      11
      10
       7
      10
       6
      11
       9
      11
      11
      11
      10
       8
       6
       5
       4
       4
       9
       9
       3
       6
       7
       7
       6
       2
      13
       8
       7
       6
       5
       8
       7
      10
       3
       9
       7
       5
      11
       8
       4
       9
      10
       7
       5
       7
       8
       7
      16
       6
       7
       5
       5
      12
       8
       4
       6
       5
       4
       7
       7
       7
       7
       4
       7
       6
       2
       6
       7
       6
       5
       5
       7
      10
       6
       5
       6
       6
       6
       4
       8
       8
       3
       3
       3
       6
       2
       3
       5
       8
       3
       6
       7
       6
       4
       5
       4
       7
       3
       1
       6
       7
       5
       3
       5
       6
       4
       7
       4
       5
       2
       3
      11
      10
      10
       4
       3
      10
       4
       2
       5
       4
       3
      10
       1
       1
       4
       5
       5
       2
       4
       7
       4
       6
      10
       1
       4
       1
       2
       5
       5
       4
       8
       4
       2
       6
       4
       2
       4
       3
       4
       2
       3
       1
       2
       5
       2
       2
       3
       5
       4
       0
       6
       2
       4
       4
       3
       2
       1
       3
       2
       5
       1
       2
       3
       3
       3
       3
       3
       1
       1
       2
       2
       3
       5
       3
       4
       4
       2
       2
       4
       5
       4
       0
       3
       4
       2
       0
       2
       2
       3
       5
       1
       0
       3
       3
       1
       2
       0
       4
       3
       2
       2
       3
       0
       0
       3
       3
       1
       3
       5
       3
       2
       2
       2
       4
       0
       1
       5
       4
       2
       3
       3
       3
       4
       2
       3
       2
       1
       5
       2
       1
       4
       0
       1
       0
       3
       0
       2
       1
       2
       0
       1
       0
       4
       4
       0
       0
       2
       1
       1
       4
       1
       5
       1
       0
       3
       1
       3
       0
       2
       2
       0
       1
       1
       1
       2
       1
       4
       2
       2
       0
       1
       4
       1
       0
       3
       3
       3
       0
       1
       1
       1
       2
       3
       4
       4
       1
       4
       0
       1
       2
       2
       2
       3
       1
       1
       0
       0
       1
       1
       0
       0
       0
       0
       0
       1
       0
       3
       1
       2
       0
       4
       0
       0
       0
       3
       2
       1
       0
       2
       1
       1
       1
       0
       0
       0
       0
       2
       1
       1
       1
       0
       3
       1
       1
       2
       0
       2
       2
       1
       3
       1
       0
       0
       0
       2
       0
       1
       3
       1
       0
       0
       1
       1
       0
       1
       0
       0
       0
       0
       1
       0
       0
       1
       0
       2
       0
       0
       1
       1
       0
       1
       1
       0
       1
       4
       1
       1
       2
       1
       0
       0
       0
       1
       1
       1
       0
       1
       0
       0
       2
       2
       0
       0
       1
       0
       1
       1
       2
       1
       1
       0
       1
       0
       0
       0
       0
       1
       0
       0
       1
       0
       0
       1
       1
       1
       0
       2
       1
       0
       1
       1
       1
       0
       1
       1
       1
       1
       1
       1
       0
       0
       2
       0
       1
       1
       1
       1
       0
       1
       1
       1
       0
       0
       2
       0
       1
       1
       1
       1
       1
       0
       0
       0
       0
       1
       0
       1
       0
       0
       2
       2
       0
       1
       0
       0
       1
       0
       0
       3
       0
       1
       0
       0
       1
       1
       1
       0
       2
       2
       0
       0
       0
       0
       0
       0
       0
       0
       1
       0
       0
       0
       0
       1
       0
       0
       1
       1
       0
       0
       1
       0
       0
       0
       0
       1
       1
       1
       0
       1
       0
       1
       0
       1
       1
       1
       0
       1
       0
       1
       0
       1
       0
       2
       1
       0
       0
       0
       0
       1
       0
       1
       0
       0
       0
       0
       0
       1
       1
       2
       0
       0
       1
       1
       0
       1
       1
       0
       0
       1
       0
       1
       1
       1
       0
       0
       0
       0
       0
       0
       0
       0
       0
       1
       0
       2
       3
       1
       1
       0
       2
       1
       0
       0
       1
       0
       0
       0
       0
       0
       0
       2
       0
       0
       0
       0
       0
       0
       0
       0
       1
       0
       0
       0
       1
       1
       1
       0
       0
       0
       0
       0
       0
       0
       0
       0
       0
       0
       0
       0
       0
       0
       1
       0
       0
       0
       0
       0
       0
       0
       0
       0
       0
       0
       0
       1
       0
       0
       0
       2
       0
       1
       1
       2
       0
       0
       0
       0
       1
       0
       0
       0
       0
       0
       1
       0
       1
       0
       0
       0
       0
       0
       1
       1
       0
       1
       0
       0
       0
       0
       0
       0
       0
       0
       0
       0
       0
       0
       0
       0
       0
       0
       0
       0
       0
       0
       0
       0
       0
       0
       0
       0
       0
       0
       0
       0
       0
       0
       1
       0
       0
       1
       0
       0
       0
       0
       0
       0
       1
       0
       1
       0
       0
       0
       0
       0
       1
       2
       0
       1
       0
       0
       0
       0
       0
       0
       0
       0
       0
       0
       0
       0
       0
       0
       0
       1
       0
       0
       0
       1
       0
       0
       0
       0
       0
       0
       1
       0
       0
       0
       1
       0
       0
       0
       0
       0
       0
       0
       0
       0
       0
       0
       0
       1
       0
       0
       0
       1
       0
       0
       0
       0
       0
       1
       0
       0
       2
       0
       0
       0
       0
       0
       0
       1
       0
       0
       0
       0
       0
       0
       0
       0
       0
       0
       0
       0
       0
       0
       2
       0
       0
       0
       0
       0
       0
       0
       0
       0
       1
       1
       0
       0
       0
       0
       0
       1
       0
       0
       0
       0
       1
       0
       0
       0
       1
       0
       0
       0
       0
       2
       1
       0
       0
       1
       0
       1
       1
       0
       0
       0
       0
       0
       1
       0
       0
       0
       0
       1
       0
       0
       0
       0
       0
       0
       0
       0
       1
       0
       0
       1
       1
       0
       0
       1
       0
       1
       0
       0
       0
       0
       0
       0
       0
       0
       0
       0
       0
       0
       0
       0
       0
       0
       0
       0
       0
       0
       1
       0
       0
       0
       0
       0
       1
       0
       0
       0
       0
       0
       0
       0
       0
       0
       0
       0
       0
       0
       0
       0
       0
       0
       0
       0
       1
       0
       0
       0
       0
       0
       1
       0
       0
       1
       0
       0
       0
       0
       0
       0
       0
       0
       0
       0
       0
       0
       0
       0
       0
       0
       0
       0
       0
       0
       0
       0
       0
       0
       0
       0
       0
       0
       1
       0
       0
       0
       0
       0
       0
       0
       0
       0
       0
       0
       0
       0
       0
       0
       0
       0
       0
       0
       0
       0
       0
       0
       0
       0
       0
       0
       0
       0
       0
       0
       0
       0
       0
       0
       0
       0
       0
       0
       0
       1
       0
       0
       0
       0
       0
       0
       0
       0
       0
       0
       0
       0
       0
       0
       0
       0
       0
       0
       0
       0
       0
       0
       0
       0
       0
       0
       0
       0
       0
       0
       0
       0
       0
       0
       0
       0
       0
       0
       0
       0
       0
       0
       0
       0
       0
       0
       0
       0
       0
$ROI:
1
5 2045
$PRESETS:
None
0
0
$ENER_FIT:
2.398192 0.051158
$MCA_CAL:
3
2.398192E+000 5.115788E-002 -1.279790E-007 ns
$SHAPE_CAL:
3
0.000000E+000 0.000000E+000 0.000000E+000
