$SPEC_ID:
No sample description was entered.
$SPEC_REM:
DET# 3
DETDESC# JLAB-22 MCB 129
AP# Maestro Version 7.01
$DATE_MEA:
10/01/2025 14:58:45
$MEAS_TIM:
3155 3155
$DATA:
0 2047
       0
       0
       0
       0
       0
       0
       0
       0
       0
       0
       0
       0
       0
       0
       0
       0
       0
       0
       0
       0
       0
       0
       0
       0
       0
       0
       0
       0
       0
       0
       0
       0
       0
       0
       0
       0
       0
       0
       0
       0
       0
       0
       0
       0
       0
       0
       0
       0
       0
       0
       0
       0
       0
       0
       0
       0
       0
       0
       0
       0
       0
       0
       0
       0
       0
       0
       0
       0
       0
       0
       0
       0
       0
       0
       0
       0
       0
       0
       0
       0
       0
       0
       0
       0
       0
       0
       0
       0
       0
       0
       0
       0
       0
       0
       0
       0
       0
       0
       0
       0
       0
       0
       0
       0
       0
       0
       0
       0
       0
       0
       0
       0
       0
       0
       0
       0
       0
       0
       0
       0
       0
       0
       0
       0
       0
       0
       0
       0
       0
       0
       0
       0
       0
       0
       0
       0
       1
       0
       0
       0
       0
       0
       0
       0
       0
       0
       0
       0
       0
       0
       0
       0
       0
       0
       0
       0
       0
       1
       0
       0
       0
       0
       0
       0
       0
       0
       0
       1
       0
       0
       0
       0
       0
       0
       0
       1
       0
       0
       0
       0
       0
       1
       0
       0
       0
       0
       0
       0
       1
       0
       0
       0
       0
       1
       0
       0
       0
       0
       0
       0
       0
       0
       0
       0
       0
       0
       0
       0
       0
       0
       0
       0
       0
       0
       0
       0
       0
       0
       0
       0
       0
       1
       1
       0
       0
       0
       0
       0
       0
       1
       0
       0
       0
       0
       1
       0
       0
       0
       0
       0
       1
       0
       0
       0
       0
       0
       0
       2
       0
       0
       1
       1
       0
       1
       0
       1
       0
       0
       0
       0
       0
       0
       0
       0
       1
       0
       0
       0
       0
       0
       0
       0
       1
       0
       0
       0
       1
       0
       0
       0
       1
       0
       0
       0
       0
       0
       0
       1
       1
       0
       0
       1
       0
       2
       2
       1
       1
       1
       0
       1
       0
       0
       1
       0
       0
       0
       0
       0
       2
       1
       0
       0
       1
       0
       0
       0
       0
       1
       1
       0
       0
       0
       2
       1
       1
       1
       0
       0
       3
       0
       0
       0
       0
       0
       0
       1
       0
       1
       0
       0
       0
       0
       0
       0
       0
       1
       1
       1
       2
       0
       0
       0
       2
       1
       1
       0
       0
       0
       0
       1
       1
       1
       0
       0
       2
       0
       1
       2
       3
       2
       0
       0
       0
       0
       0
       1
       1
       1
       0
       2
       1
       0
       0
       1
       0
       1
       2
       0
       1
       0
       1
       0
       1
       1
       0
       1
       2
       1
       2
       0
       2
       1
       1
       1
       0
       0
       0
       2
       0
       1
       1
       1
       0
       2
       0
       0
       0
       1
       1
       1
       0
       1
       2
       1
       2
       1
       1
       0
       0
       2
       3
       0
       3
       2
       0
       3
       3
       2
       1
       2
       0
       0
       2
       2
       0
       1
       0
       3
       0
       1
       0
       1
       0
       3
       1
       1
       1
       0
       0
       1
       1
       3
       1
       4
       3
       2
       1
       3
       1
       2
       2
       1
       0
       2
       1
       3
       1
       2
       6
       3
       2
       1
       1
       2
       4
       1
       4
       0
       1
       4
       2
       2
       1
       2
       0
       2
       1
       3
       1
       4
       6
       3
       5
       7
       4
       2
       2
       0
       1
       3
       1
       1
       4
       3
       2
       5
       3
       4
       1
       3
       5
       3
       5
       3
       5
       1
       1
       3
       3
       2
       1
       5
       2
       4
       2
       3
       3
       0
       2
       1
       4
       2
       6
       3
       5
       2
       1
       3
       1
       2
       2
       6
       3
       3
       3
       3
       3
       5
       7
       6
       0
       5
       6
       3
       5
       3
       6
       3
       2
       2
       2
       2
       6
       3
       4
       8
       2
       2
       6
       1
       6
       4
       5
       4
       7
       8
       8
       4
       8
       6
       6
       5
       7
       6
       7
       3
       5
       7
       5
       9
       5
       7
       8
       9
       4
       6
       2
       3
       4
       6
       6
       4
       3
       4
       8
       4
       7
       6
       1
       5
       9
      13
       7
       6
      14
       6
       6
       6
       6
       8
      10
       6
       4
      11
      11
       8
       6
       7
       7
       8
       8
       7
       4
      11
       8
       7
      16
       6
       3
      14
       7
      11
      11
       8
       3
      13
      11
      13
       8
      10
      10
       9
      18
       9
       7
      15
       7
       9
       8
      12
      10
      14
      12
      13
      10
      14
      12
      12
      16
       9
       9
      12
       8
       9
      15
      11
       9
      16
       7
      10
      12
      13
      18
      12
       9
      11
       7
       7
      12
       8
       8
      17
       6
      17
      10
      12
      10
      17
      11
      10
      13
      15
      16
      19
      15
      18
      10
      16
      16
      14
      17
      10
      16
      16
      11
      14
       8
       8
      19
      15
      15
      11
      12
      14
      15
      18
      14
      16
      12
      10
      16
      19
      16
      14
       5
      11
      13
      13
      14
      16
      17
      20
      11
      18
      12
      17
      13
       9
      10
      16
      12
      14
      11
      12
      25
      17
      19
      21
      19
      12
      21
      14
      20
      18
      14
      15
      12
      16
      19
      20
      22
      13
      17
      14
      13
       8
      12
      18
      16
      12
      20
      11
      17
      16
      13
      11
      17
      19
      21
      19
      16
      19
      15
      14
      14
      17
      24
      15
      12
      21
      18
      21
      12
      16
       7
      20
      14
      18
      17
      17
      16
      16
      18
      16
      15
      12
      18
      31
      30
      15
      10
      17
      10
      18
      15
      19
      11
      14
      18
      15
      12
      14
      21
      17
      14
      13
      15
      18
      14
      21
      17
      13
      18
      19
      21
      10
       5
      12
      19
      18
      13
      15
      20
      11
      16
       9
      15
      16
      19
      21
      13
      10
      11
      17
      21
      25
      25
      16
      14
       8
      10
      11
      14
      21
      14
      14
      16
      22
      17
      13
      14
       8
      12
      15
      11
      16
      16
      14
       9
      15
      15
      15
      14
      15
      11
      18
      23
       8
      14
      13
      16
       9
      23
      14
      10
      17
      13
      12
       8
       9
       7
      11
      18
      11
      12
      11
      12
      12
      13
      14
       9
      11
      15
      13
       5
      18
       9
      10
      11
       5
      16
      16
      11
       5
      13
      14
      12
      15
      14
      10
      12
      13
       9
      12
      11
       9
      16
      11
      12
      11
      15
      15
       9
      11
      11
       8
      13
       6
      13
      12
      12
       7
      14
      10
       9
       7
       9
      12
      11
      17
       8
       8
       7
      13
      10
      12
       8
      13
      11
       9
      10
       9
      12
      11
       5
      10
      11
      12
      10
       7
       5
      10
      13
      16
       9
       8
       6
      10
       3
      18
      10
       6
       7
       6
      10
       9
      11
       7
       7
       7
       8
       5
       5
       9
       9
       7
       6
       8
      10
      11
      11
      14
       8
       3
       6
       3
       3
       2
       8
       5
       4
      10
       8
       9
       8
      10
       7
       1
       9
       4
       9
       6
       3
      10
       4
       5
       3
       6
       4
       4
       9
       5
      10
       8
       7
       5
      10
       6
       8
       4
       3
      10
       3
       4
       7
       4
      11
       5
       6
       4
       6
       4
       7
       3
       8
       9
       9
       2
       0
       3
       4
       6
       4
       2
       7
       8
       8
       2
       2
       2
       5
       1
       5
       8
       2
       7
       7
       6
       4
       6
       6
       6
       5
       3
       5
       6
       4
       6
       2
       4
       4
       1
       6
       7
       1
       4
       3
       2
       7
       5
       5
       4
       4
       3
       6
       3
       4
       4
       6
       3
       2
       4
       4
       2
       5
       5
       6
       5
       5
       4
       5
       3
       5
       3
       5
       1
       2
       5
       4
       6
       4
       5
       2
       6
       3
       6
       4
       4
       3
       6
       4
       0
       4
       7
       1
       2
       4
       6
       3
       1
       6
       2
       1
       7
       4
       2
       1
       6
       7
       0
       3
       5
       3
       3
       5
       2
       1
       3
       1
       3
       2
       1
       1
       3
       3
       3
       4
       1
       1
       3
       3
       5
       4
       4
       2
       3
       2
       3
       1
       1
       1
       6
       4
       1
       2
       1
       4
       1
       4
       4
       4
       5
       2
       2
       3
       2
       1
       2
       3
       2
       2
       0
       3
       1
       2
       1
       1
       2
       2
       2
       1
       1
       2
       3
       1
       2
       4
       0
       4
       0
       2
       5
       4
       3
       5
       1
       2
       1
       4
       0
       1
       2
       5
       1
       4
       2
       0
       4
       1
       2
       0
       2
       2
       1
       2
       1
       1
       2
       1
       1
       1
       0
       3
       1
       1
       3
       2
       2
       1
       1
       0
       1
       1
       2
       3
       3
       2
       3
       1
       1
       3
       2
       2
       1
       1
       1
       3
       1
       0
       3
       1
       2
       1
       3
       2
       1
       0
       0
       2
       0
       0
       2
       2
       0
       1
       1
       1
       2
       3
       1
       1
       3
       1
       0
       0
       1
       0
       2
       2
       2
       1
       0
       1
       1
       2
       2
       1
       2
       2
       0
       0
       1
       1
       1
       1
       1
       1
       2
       0
       2
       0
       0
       0
       0
       2
       0
       2
       0
       0
       0
       0
       1
       0
       0
       1
       0
       1
       0
       2
       2
       1
       4
       1
       0
       0
       1
       2
       1
       1
       3
       1
       0
       1
       1
       0
       2
       1
       1
       1
       0
       0
       0
       0
       1
       0
       2
       0
       1
       2
       0
       1
       0
       1
       2
       1
       1
       0
       1
       1
       0
       1
       1
       1
       0
       0
       0
       1
       1
       1
       1
       2
       1
       1
       0
       0
       0
       1
       1
       2
       0
       3
       0
       1
       1
       1
       0
       1
       0
       1
       0
       0
       0
       0
       0
       0
       0
       0
       0
       1
       1
       1
       0
       0
       1
       2
       1
       0
       0
       0
       0
       2
       1
       1
       1
       0
       0
       0
       0
       0
       0
       0
       0
       0
       0
       0
       0
       1
       1
       0
       2
       1
       0
       0
       0
       0
       0
       1
       0
       1
       0
       1
       0
       0
       0
       1
       1
       1
       1
       1
       1
       0
       2
       3
       2
       2
       0
       1
       1
       0
       1
       0
       0
       0
       0
       1
       1
       0
       0
       0
       1
       1
       0
       0
       0
       0
       1
       1
       1
       0
       1
       1
       0
       1
       1
       1
       0
       1
       0
       0
       0
       0
       0
       2
       0
       1
       0
       0
       1
       1
       2
       0
       0
       0
       0
       1
       1
       0
       1
       0
       0
       0
       0
       0
       0
       1
       1
       0
       1
       0
       0
       0
       1
       1
       0
       0
       0
       1
       2
       0
       2
       2
       0
       1
       1
       1
       0
       0
       0
       0
       0
       1
       1
       0
       0
       0
       0
       2
       0
       1
       0
       0
       0
       0
       0
       0
       0
       0
       0
       0
       1
       0
       0
       0
       0
       0
       0
       1
       1
       0
       1
       0
       0
       0
       0
       0
       0
       0
       0
       0
       0
       1
       0
       0
       0
       0
       0
       1
       1
       0
       0
       0
       0
       0
       0
       0
       0
       0
       0
       0
       0
       0
       2
       0
       0
       0
       0
       0
       0
       0
       0
       0
       0
       0
       1
       0
       1
       2
       0
       0
       0
       1
       0
       0
       0
       0
       0
       0
       0
       1
       0
       0
       0
       0
       1
       2
       0
       1
       0
       0
       0
       0
       1
       0
       0
       0
       0
       0
       0
       0
       0
       0
       1
       1
       0
       0
       1
       0
       0
       0
       0
       0
       0
       0
       1
       0
       0
       0
       0
       0
       0
       1
       0
       0
       0
       0
       0
       0
       0
       0
       0
       0
       0
       0
       1
       0
       1
       0
       0
       0
       1
       0
       0
       1
       0
       0
       0
       0
       0
       0
       0
       0
       0
       0
       0
       0
       0
       0
       0
       0
       0
       1
       0
       0
       0
       0
       0
       0
       0
       0
       0
       0
       0
       0
       1
       0
       0
       0
       0
       1
       1
       0
       0
       0
       0
       0
       0
       0
       0
       0
       0
       0
       0
       0
       0
       0
       0
       0
       0
       0
       0
       0
       0
       0
       0
       0
       0
       0
       0
       0
       0
       0
       0
       0
       0
       0
       0
       0
       0
       0
       0
       0
       0
       0
       0
       0
       0
       0
       0
       0
       0
       0
       0
       0
       0
       0
       0
       0
       0
       0
       0
       0
       0
       0
       0
       0
       0
       0
       0
       0
       0
       0
       0
       0
       0
       0
       0
       2
       0
       0
       0
       0
       0
       0
       0
       0
       0
       0
       1
       0
       1
       0
       0
       0
       0
       0
       0
       0
       0
       0
       0
       0
       0
       0
       0
       0
       0
       1
       0
       0
       0
       0
       0
       0
       0
       0
       0
       0
       0
       0
       0
       0
       0
       0
       0
       0
       0
       0
       0
       0
       0
       0
       0
       0
       0
       1
       0
       0
       0
       1
       0
       1
       0
       0
       0
       0
       0
       0
       0
       0
       0
       0
       0
       0
       0
       0
       1
       0
       0
       0
       0
       0
       0
       0
       0
       0
       0
       0
       0
       1
       1
       0
       0
       0
       0
       0
       0
       0
       0
       0
       0
       0
       0
       0
       0
       0
       1
       0
       1
       0
       1
       0
       0
       0
       0
       0
       0
       0
       0
       0
       0
       0
       0
       0
       0
       1
       0
       0
       0
       0
       0
       0
       0
       0
       0
       0
       0
       0
       0
       0
       0
       0
       0
       0
       0
       0
       0
       0
       0
       0
       0
       0
       0
       0
       0
       0
       0
       0
       0
       0
       0
       0
       0
       0
       0
       0
       0
       0
       0
$ROI:
1
5 2045
$PRESETS:
None
0
0
$ENER_FIT:
2.398192 0.051158
$MCA_CAL:
3
2.398192E+000 5.115788E-002 -1.279790E-007 ns
$SHAPE_CAL:
3
0.000000E+000 0.000000E+000 0.000000E+000
