$SPEC_ID:
No sample description was entered.
$SPEC_REM:
DET# 3
DETDESC# JLAB-22 MCB 129
AP# Maestro Version 7.01
$DATE_MEA:
10/06/2025 17:04:20
$MEAS_TIM:
83284 83285
$DATA:
0 2047
       0
       0
       0
       0
       0
       0
       0
       0
       0
       0
       0
       0
       0
       0
       0
       0
       0
       0
       0
       0
       0
       0
       0
       0
       0
       0
       0
       0
       0
       0
       0
       0
       0
       0
       0
       0
       0
       0
       0
       0
       0
       0
       0
       0
       0
       0
       0
       0
       0
       0
       0
       0
       0
       0
       0
       0
       0
       0
       0
       0
       0
       0
       0
       0
       0
       0
       0
       0
       0
       0
       0
       0
       0
       0
       0
       0
       0
       0
       0
       0
       0
       0
       0
       0
       0
       0
       0
       0
       0
       0
       0
       0
       0
       0
       0
       0
       0
       0
       0
       0
       0
       0
       0
       0
       0
       0
       0
       0
       0
       0
       0
       0
       0
       0
       0
       0
       0
       0
       0
       0
       0
       0
       0
       0
       0
       0
       4
       3
       2
       1
       0
       1
       4
       2
       1
       0
       0
       3
       3
       2
       0
       0
       1
       0
       3
       3
       0
       1
       0
       2
       1
       1
       0
       2
       2
       1
       2
       3
       3
       0
       0
       0
       3
       1
       3
       4
       1
       2
       1
       0
       3
       2
       0
       0
       1
       1
       2
       2
       5
       2
       2
       2
       2
       3
       0
       2
       1
       0
       0
       1
       1
       0
       2
       1
       2
       5
       3
       3
       0
       3
       1
       5
       0
       1
       1
       3
       5
       7
       3
       1
       0
       5
       2
       2
       1
       2
       0
       2
       1
       3
       1
       1
       2
       2
       0
       3
       0
       3
       1
       2
       1
       1
       1
       1
       1
       0
       1
       4
       3
       1
       1
       4
       2
       1
       1
       2
       6
       3
       2
       2
       2
       1
       0
       3
       1
       2
       0
       3
       2
       2
       4
       1
       1
       1
       2
       3
       0
       1
       3
       1
       1
       1
       3
       2
       2
       3
       3
       3
       6
       1
       1
       2
       0
       1
       3
       0
       1
       3
       1
       3
       3
       1
       2
       0
       4
       5
       2
       4
       1
       0
       4
       3
       3
       4
       3
       2
       1
       4
       4
       0
       2
       0
       2
       2
       1
       2
       3
       6
       1
       4
       1
       2
       2
       3
       0
       1
       3
       3
       3
       3
       5
       3
       1
       3
       2
       3
       1
       3
       2
       7
       2
       2
       2
       2
       2
       4
       3
       1
       2
       6
       3
       5
       5
       4
       0
       4
       4
       2
       2
       1
       1
       2
       3
       3
       1
       2
       5
       6
       2
       7
       2
       6
       5
       2
       4
       2
       5
       4
       2
       2
       2
       5
       3
       4
       3
       3
       4
       1
       3
       7
       2
       3
       4
       2
       2
       3
       7
       3
       3
       2
       5
       5
       7
       1
       5
       0
       2
       1
       4
       5
       2
       8
       4
       3
       4
       2
       2
       1
       1
       3
       5
       4
       2
       3
       3
       5
       7
       5
       6
       6
       3
       2
       5
       2
       3
       4
       6
       6
       4
       2
       4
       2
       5
       2
       4
       5
       7
       9
       0
       0
       4
       5
       5
       2
       7
       3
       4
       4
       0
       1
       3
       2
       4
       5
       9
       5
       8
       3
       3
       2
       8
       2
       5
       1
       6
       4
       7
       9
       9
       4
       7
       4
       5
       7
       6
       4
       3
       4
       5
       7
       4
       9
       7
       4
       1
       1
       7
       5
       8
       7
       5
       6
       4
       5
       6
       8
       3
       2
       6
      10
       5
       2
      10
       8
       9
       7
       6
       7
       8
      11
       2
       6
       5
       8
       5
       7
       4
       4
       4
      10
       4
       3
       4
       7
       7
       8
      10
       8
       6
       9
      10
       5
      11
      15
      13
       9
      10
      10
       5
      11
       9
      11
      12
       7
      13
       4
       9
      13
       8
      17
      11
       8
       7
       6
      11
      13
       5
      12
      17
       7
       7
       7
       7
      11
       7
       6
      10
       8
       6
      15
       9
      14
       8
      13
      11
      10
       9
       7
      11
      11
       9
       4
      10
      14
      13
      11
      13
       8
      10
      14
      14
      15
      11
      14
      15
      13
      11
       7
      11
      14
      13
       8
      19
      14
       7
      15
       9
      11
       9
      22
       9
      11
      20
      10
      21
      25
      12
      19
      12
      19
      19
      13
      25
      16
      17
      12
      11
      16
      18
      15
      13
      19
      20
      19
      19
      28
      21
      15
      17
      12
      19
      20
      22
      24
      20
      24
      15
      23
      14
      16
      20
      23
      26
      13
      19
      18
      22
      19
      31
      26
      14
      18
      18
      20
      23
      18
      30
      24
      24
      18
      15
      14
      28
      24
      26
      27
      25
      29
      19
      18
      30
      42
      28
      25
      23
      29
      29
      27
      26
      29
      32
      38
      20
      29
      31
      26
      31
      29
      37
      32
      27
      31
      31
      30
      37
      42
      31
      37
      36
      31
      33
      31
      37
      31
      38
      42
      30
      39
      46
      47
      51
      29
      47
      37
      38
      39
      38
      44
      42
      43
      32
      37
      47
      50
      54
      44
      41
      48
      41
      45
      47
      54
      39
      50
      47
      43
      44
      39
      40
      49
      38
      72
      61
      44
      40
      45
      53
      41
      56
      46
      56
      41
      53
      52
      53
      62
      52
      61
      63
      59
      57
      43
      61
      50
      54
      50
      64
      57
      62
      61
      63
      45
      59
      57
      45
      50
      80
      60
      59
      69
      69
      69
      67
      66
      67
      75
      73
      79
      67
      52
      68
      88
      77
      64
      65
      65
      84
      66
      51
      84
      61
      65
      82
      67
      66
      77
      65
      66
      67
      75
      66
      80
      71
      87
      84
      91
      73
      81
      82
      76
      79
      83
      99
      82
      85
      91
      82
      80
      74
      89
      86
      81
      69
      66
      75
      99
      89
     100
      85
      80
      91
      90
      93
      77
      96
      92
     101
      83
      96
      81
      89
      91
      86
      93
      87
      90
      89
     100
      79
      93
     104
      85
      85
      92
     103
      98
      94
     100
     105
      88
      88
     102
      94
     103
      98
      83
      96
      89
     107
     105
      93
      88
     101
      98
     105
     122
     100
     109
      89
      87
      89
      94
     105
      78
      87
     100
      83
     114
     109
      91
     110
     104
     100
     127
      96
      96
     104
     117
     102
      97
     109
     106
     101
      84
     111
      97
     117
     109
     106
      93
     108
     101
      81
     109
     103
      96
     131
      87
     120
     107
     103
     115
      88
      98
     125
      98
      98
     119
     114
     113
     105
     110
     118
     102
     118
     114
     121
     128
     100
     126
     111
     105
     100
     121
     101
     120
     114
      99
     111
     120
     112
     109
     119
      99
      99
     103
     104
      94
     119
     118
      99
     105
     106
     109
     111
     113
      87
     124
      97
     112
     105
     114
     121
     124
     117
     105
     110
     107
     110
     109
     102
     102
     110
     120
     110
     107
     133
      96
     100
     116
     115
     114
     121
     102
     121
      94
      81
     114
      99
     101
      96
     114
     105
      97
     110
      96
     110
      87
      95
     102
     125
     120
     121
      96
      87
      98
      96
      98
     104
      89
      91
     107
      97
      91
     105
     112
     116
     100
      93
     102
      89
      88
      81
      97
     100
     100
      94
     113
     103
      84
      84
     103
      93
      98
      92
     101
      84
      94
      95
      97
      71
      93
      92
      86
      91
      88
      77
      86
      82
      90
      98
      79
      97
      76
      63
      98
      61
      88
      82
     101
      93
      92
      83
      75
      65
      96
     103
      76
      73
      89
      88
      90
      89
      75
      87
      68
      84
      75
      90
      60
      78
      72
      76
      66
      85
      67
      72
      91
      71
      81
      78
      74
      82
      71
      63
      71
      77
      64
      80
      77
      77
      69
      64
      85
      64
      65
      51
      60
      65
      88
      71
      62
      81
      73
      67
      69
      54
      67
      64
      66
      69
      78
      67
      56
      70
      71
      65
      61
      59
      72
      54
      62
      66
      60
      77
      65
      59
      73
      66
      60
      68
      60
      60
      63
      41
      68
      68
      60
      65
      60
      72
      63
      68
      61
      62
      59
      38
      70
      52
      60
      57
      51
      38
      63
      55
      64
      45
      46
      51
      45
      65
      57
      44
      50
      50
      44
      57
      63
      53
      54
      58
      47
      46
      46
      51
      49
      48
      53
      59
      52
      39
      49
      57
      56
      53
      40
      54
      40
      52
      51
      52
      54
      57
      45
      39
      46
      36
      43
      34
      51
      38
      44
      39
      38
      49
      34
      47
      48
      34
      53
      43
      48
      37
      35
      41
      39
      49
      34
      40
      40
      36
      39
      44
      36
      33
      50
      38
      38
      27
      38
      35
      36
      32
      33
      25
      25
      32
      35
      41
      48
      37
      28
      44
      37
      40
      40
      31
      29
      34
      20
      35
      37
      28
      32
      33
      26
      40
      39
      32
      28
      24
      28
      29
      37
      25
      29
      21
      31
      35
      33
      30
      24
      36
      25
      30
      31
      36
      37
      32
      27
      28
      38
      25
      39
      36
      32
      25
      29
      27
      36
      24
      28
      30
      36
      27
      36
      23
      32
      22
      30
      29
      28
      23
      26
      20
      26
      24
      18
      21
      24
      26
      19
      23
      26
      29
      24
      18
      18
      41
      21
      21
      28
      23
      20
      23
      24
      18
      24
      16
      16
      18
      29
      20
      20
      20
      13
      17
      19
      26
      22
      19
      21
      17
      20
      26
      18
      20
      13
      24
      17
      16
      16
      19
      18
      19
      22
      11
      24
      14
      14
      20
      17
      19
      21
      25
      21
      20
      23
      18
      16
      20
      14
      10
      20
      29
      17
      17
      22
      24
      26
      18
      11
      10
      20
      23
      12
      15
      12
       7
      19
       9
      28
      16
      15
      19
      18
      11
      16
      14
      20
       7
      15
      16
      11
      13
      12
      10
      18
      15
      13
      16
      16
      15
      16
       9
      17
      13
      11
      16
      13
      11
      12
      11
      10
      14
      16
      15
      12
      10
      13
      15
      19
      12
      10
       9
      17
       8
       8
      11
       6
       7
      13
       8
      17
      12
      13
      12
       9
      11
      10
       8
      17
      11
       9
      19
      13
      13
       8
      15
       9
       6
       5
      11
      13
      16
       6
       8
      20
      12
      12
       8
      15
      12
       9
      13
      15
      11
      13
       9
      12
      15
       8
      16
       8
       6
       5
      10
       7
       7
      12
       7
       5
      12
      10
      11
      13
      10
       7
       8
       8
      10
       3
       5
       8
       5
      10
      10
       8
       5
       9
      10
      12
       4
       4
       5
       6
       7
       7
       8
       3
       5
      11
      10
       7
      10
       8
       6
       6
       4
       8
       6
       8
       7
       5
       3
      10
       6
       9
      14
       6
       9
       2
       6
       8
      12
       7
       4
      16
       9
       7
       4
       9
       3
       8
       2
       7
      10
       5
       7
       8
       8
       8
       7
       4
       8
       3
       4
       3
       9
       7
       7
       7
      11
       5
       4
       8
       6
       9
       6
      10
       6
       2
       9
       7
       7
       6
       8
       2
       4
       4
       4
       4
       8
       8
       9
       4
       2
       2
       7
      10
       6
       7
       4
       8
       3
       6
       9
       4
       3
       9
       6
       6
       6
       4
       5
       6
       5
       6
       6
       6
       4
       5
       4
       4
       9
       6
       3
       2
       5
       4
       3
       5
       2
       2
       6
       6
       3
       6
       3
       4
       4
       5
       4
       3
       7
       3
       4
       3
       6
       3
       3
       4
       2
       4
       1
       7
       3
       4
       5
       4
       0
       2
       3
       4
       6
       5
       1
       4
       4
       7
       1
       1
       3
       5
       6
       2
       3
       7
       4
       3
       2
       4
       6
       3
       4
       2
       5
       0
       2
       4
       4
       2
       2
       3
       5
       3
       4
       3
       0
       4
       3
       3
       4
       0
       3
       7
       2
       3
       3
       1
       4
       2
       5
       4
       2
       5
       3
       5
       5
       4
       3
       3
       4
       1
       1
       4
       2
       6
       6
       2
       2
       2
       4
       2
       2
       5
       1
       2
       5
       1
       6
       5
       7
       2
       2
       4
       3
       2
       2
       2
       4
       2
       3
       1
       1
       2
       3
       7
       3
       2
       3
       2
       0
       4
       2
       7
       2
       8
       5
       3
       4
       4
       2
       2
       2
       3
       4
       1
       2
       5
       3
       5
       2
       2
       6
       5
       7
       2
       1
       1
       5
       0
       4
       5
       3
       1
       3
       0
       4
       3
       2
       2
       3
       2
       3
       0
       2
       2
       2
       1
       4
       3
       4
       4
       4
       2
       2
       6
       1
       3
       3
       3
       4
       1
       4
       2
       3
       0
       2
       0
       7
       3
       2
       6
       2
       2
       1
       3
       2
       3
       2
       2
       2
       2
       2
       2
       3
       4
       2
       1
       3
       2
       3
       2
       0
       4
       2
       1
       2
       1
       2
       0
       6
       0
       2
       2
       1
       4
       3
       2
       2
       2
       0
       1
       1
       2
       2
       2
       1
       1
       1
       1
       4
       3
       2
       2
       0
       3
       0
       1
       4
       3
       2
       3
       0
       0
       1
       2
       2
       1
       2
       1
       0
       3
       3
       3
       0
       0
       0
       5
       3
       2
       5
       0
       0
       1
       0
       2
       1
       1
       1
       2
       3
       2
       2
       2
       0
       1
       3
       1
       1
       0
       2
       2
       2
       3
       2
       0
       3
       0
       0
       1
       3
       3
       1
       0
       0
       4
       3
       2
       3
       2
       2
       2
       3
       2
       2
       2
       1
       0
       1
       5
       0
       0
       1
       1
       0
       0
       0
       0
       0
       0
       0
       0
       0
       0
       0
       0
       0
       0
       0
       0
       0
       0
       0
       0
       0
       0
       0
       0
       0
       0
       0
       0
       0
       0
       0
       0
$ROI:
1
5 2045
$PRESETS:
None
0
0
$ENER_FIT:
2.398192 0.051158
$MCA_CAL:
3
2.398192E+000 5.115788E-002 -1.279790E-007 ns
$SHAPE_CAL:
3
0.000000E+000 0.000000E+000 0.000000E+000
