$SPEC_ID:
No sample description was entered.
$SPEC_REM:
DET# 3
DETDESC# JLAB-22 MCB 129
AP# Maestro Version 7.01
$DATE_MEA:
10/02/2025 09:31:50
$MEAS_TIM:
359103 359103
$DATA:
0 2047
       0
       0
      17
       0
       0
       0
       0
       0
       0
       0
       0
       0
       0
       0
       0
       0
       0
       0
       0
       0
       0
       0
       0
       0
       0
       0
       0
       0
       0
       0
       0
       0
       0
       0
       0
       0
       0
       0
       0
       0
       0
       0
       0
       0
       0
       0
       0
       0
       0
       0
       0
       0
       0
       0
       0
       0
       0
       0
       0
       0
       0
       0
       0
       0
       0
       0
       0
       0
       0
       0
       0
       0
       0
       0
       0
       0
       0
       0
       0
       0
       0
       0
       0
       0
       0
       0
       0
       0
       0
       0
       0
       0
       0
       0
       0
       0
       0
       0
       0
       0
       0
       0
       0
       0
       0
       0
       0
       0
       0
       0
       0
       0
       0
       0
       0
       0
       0
       0
       0
       0
       0
       0
       0
       0
       0
       0
       0
       0
       0
       0
       0
       0
       0
       0
       0
       0
       0
       0
       0
       0
       0
       0
       0
       0
       0
       0
       0
       0
       0
       0
       0
       0
       0
       0
       0
       0
       0
       0
       0
       0
       0
       0
       0
       0
       0
       0
       0
       0
       0
       0
       0
       0
       0
       0
       0
       0
       0
       0
       0
       0
       0
       0
       0
       0
       0
       0
       0
       0
       0
       0
       0
       0
       0
       0
       0
       0
       0
       0
       0
       0
       0
       0
       0
       0
       0
       0
       0
       0
       0
       0
       0
       0
       0
       0
       0
       0
       0
       0
       0
       0
       0
       0
       0
       0
       0
       0
       0
       0
       0
       0
       0
       0
       0
       0
       0
       0
       0
       0
       0
       0
       0
       0
       0
       0
       0
       0
       0
       0
       0
       0
       0
       0
       0
       0
       0
       0
       0
       0
       0
       0
       0
       0
       0
       0
       0
       0
       0
       0
       0
       0
       0
       0
       0
       0
       0
       0
       0
       0
       0
       0
       0
       0
       0
       0
       0
       0
       0
       0
       0
       0
       0
       0
       0
       0
       0
       0
       0
       0
       0
       0
       0
       0
       0
       0
       0
       0
       0
       0
       0
       0
       0
       0
       0
       0
       0
       0
       0
       0
       0
       0
       0
       0
       0
       0
       0
       0
       0
       0
       0
       0
       0
       0
       0
       0
       0
       0
       0
       0
       0
       0
       0
       0
       0
       0
       0
       0
       0
       0
       0
       0
       0
       0
       0
       0
       0
       0
       0
       0
       0
       1
      10
      32
      44
      62
      75
      72
      74
      51
      67
      68
      58
      57
      75
      54
      64
      56
      44
      88
      77
      51
      70
      70
      64
      65
      75
      61
      75
      73
      93
      66
      93
      77
      79
      75
      74
      74
      67
      53
      68
      53
      67
      58
      59
      54
      55
      43
      54
      47
      42
      46
      57
      52
      49
      56
      57
      58
      49
      48
      54
      51
      51
      54
      63
      43
      49
      44
      43
      51
      38
      49
      63
      66
      52
      67
      56
      59
      55
      51
      45
      44
      47
      45
      47
      55
      57
      34
      57
      54
      58
      48
      57
      47
      62
      66
      52
      42
      39
      50
      47
      48
      42
      44
      44
      47
      56
      49
      52
      45
      49
      42
      38
      47
      43
      46
      49
      47
      47
      45
      44
      48
      33
      45
      41
      51
      44
      41
      34
      54
      47
      49
      31
      57
      42
      40
      40
      35
      42
      52
      39
      31
      55
      40
      40
      43
      36
      38
      42
      42
      41
      39
      47
      37
      36
      42
      41
      45
      48
      47
      37
      44
      41
      46
      41
      42
      47
      53
      40
      50
      45
      39
      39
      39
      41
      44
      38
      37
      38
      49
      52
      43
      44
      48
      34
      63
      49
      43
      42
      40
      41
      39
      45
      46
      37
      34
      39
      51
      40
      44
      27
      45
      42
      38
      47
      39
      39
      36
      41
      40
      43
      52
      39
      51
      42
      43
      48
      51
      51
      51
      49
      45
      43
      39
      43
      60
      56
      38
      46
      33
      43
      46
      52
      54
      37
      54
      48
      47
      41
      41
      48
      40
      43
      39
      42
      65
      39
      32
      46
      44
      39
      46
      42
      40
      36
      59
      44
      41
      39
      30
      38
      46
      41
      33
      31
      37
      52
      37
      41
      43
      43
      42
      47
      49
      40
      46
      48
      42
      34
      46
      41
      43
      45
      46
      38
      46
      31
      47
      42
      36
      42
      33
      38
      34
      39
      50
      43
      35
      39
      39
      46
      35
      33
      40
      46
      49
      36
      33
      29
      41
      42
      30
      34
      41
      29
      39
      38
      32
      41
      43
      41
      37
      38
      40
      45
      46
      53
      46
      45
      29
      46
      50
      35
      55
      38
      37
      35
      41
      36
      28
      28
      25
      31
      48
      26
      26
      25
      35
      39
      44
      32
      29
      34
      29
      26
      37
      51
      35
      31
      38
      34
      37
      39
      42
      26
      46
      34
      31
      41
      38
      41
      30
      40
      32
      41
      26
      27
      42
      24
      29
      32
      32
      37
      37
      41
      36
      25
      37
      34
      37
      39
      36
      41
      36
      41
      33
      34
      48
      32
      30
      37
      41
      33
      43
      29
      37
      30
      34
      36
      26
      28
      35
      26
      30
      36
      33
      43
      33
      35
      24
      28
      34
      40
      29
      29
      24
      33
      35
      33
      31
      28
      40
      38
      31
      29
      32
      43
      23
      44
      35
      32
      24
      38
      28
      34
      35
      27
      22
      34
      35
      41
      32
      35
      34
      31
      39
      30
      34
      27
      28
      28
      29
      36
      33
      29
      25
      30
      30
      33
      35
      35
      35
      28
      28
      29
      30
      36
      31
      40
      26
      29
      34
      25
      39
      39
      34
      27
      27
      28
      30
      28
      44
      20
      34
      23
      30
      37
      27
      31
      31
      32
      23
      33
      30
      33
      36
      19
      28
      26
      26
      30
      30
      21
      35
      22
      32
      33
      27
      38
      35
      25
      24
      16
      23
      32
      31
      32
      30
      19
      39
      15
      21
      25
      30
      24
      27
      34
      35
      36
      17
      32
      26
      25
      34
      26
      26
      35
      24
      26
      21
      32
      23
      26
      19
      28
      31
      31
      29
      33
      31
      21
      38
      15
      35
      19
      25
      24
      28
      25
      24
      31
      25
      27
      28
      28
      26
      30
      26
      37
      37
      33
      23
      18
      20
      16
      26
      17
      18
      26
      23
      32
      21
      21
      24
      25
      24
      22
      27
      30
      30
      20
      23
      17
      32
      30
      21
      17
      23
      32
      27
      25
      19
      26
      24
      20
      23
      23
      32
      21
      24
      24
      20
      23
      15
      24
      22
      28
      26
      22
      29
      25
      21
      28
      20
      24
      26
      37
      25
      17
      21
      21
      24
      23
      20
      30
      16
      28
      30
      20
      32
      33
      26
      18
      32
      21
      23
      21
      23
      27
      17
      27
      20
      17
      28
      23
      19
      17
      31
      26
      23
      23
      17
      26
      27
      21
      26
      20
      21
      26
      32
      21
      19
      26
      24
      26
      31
      20
      31
      27
      22
      23
      35
      16
      21
      22
      27
      26
      23
      17
      22
      34
      27
      19
      27
      25
      25
      26
      28
      30
      20
      29
      20
      23
      21
      21
      31
      25
      13
      21
      27
      22
      25
      21
      22
      22
      17
      20
      27
      28
      21
      29
      23
      24
      24
      24
      26
      18
      24
      27
      28
      23
      30
      24
      24
      21
      22
      23
      24
      25
      16
      26
      20
      22
      25
      23
      19
      29
      30
      24
      22
      19
      20
      30
      22
      24
      12
      24
      22
      20
      19
      28
      32
      29
      18
      17
      21
      23
      14
      19
      22
      21
      26
      19
      17
      21
      23
      20
      29
      22
      16
      26
      20
      23
      20
      26
      19
      22
      20
      18
      24
      19
      16
      27
      20
      22
      14
      26
      17
      23
      18
      18
      19
      22
      29
      20
      35
      18
      22
      18
      17
      16
      16
      17
      18
      24
      13
      27
      25
      13
      12
      28
      22
      24
      26
      22
      13
      20
      26
      12
      27
      18
      23
      27
      22
      16
      22
      29
      21
      25
      20
      23
      22
      25
      21
      32
      20
      15
      23
      21
      16
      11
      24
      19
      17
      21
      22
      23
      13
      21
      23
      23
      13
      16
      26
      20
      12
      23
      13
      12
      19
      26
      15
      21
      28
      23
      18
      18
      20
      19
      17
      18
      16
      12
      13
      16
      19
      19
      16
      19
       9
      12
      26
      24
      16
      21
      16
      16
      21
      24
      20
      19
      26
      13
      19
      17
      19
      29
      13
      21
      18
       5
      26
      18
      12
      11
      17
      24
      16
      29
      20
      22
      14
      16
      22
      16
      22
      25
      18
      20
      17
      22
      22
      17
      21
      14
      23
      12
      18
      21
      19
      14
      21
      18
      14
      24
      20
      19
      22
      26
      19
      20
      13
      13
      15
      24
      15
      17
      22
      27
      15
      22
      20
      21
      18
      15
      18
      14
      17
      12
      18
      21
      18
      17
      22
      23
      18
      24
      14
      20
      24
      20
      24
      10
      13
      20
      13
      18
      31
      15
      19
      12
      17
      11
      21
      16
       9
      12
      15
      16
      11
      15
      21
      17
      16
      12
      17
      12
      17
      22
      23
      20
      20
      17
      16
      16
       9
      18
      14
      15
      17
      13
      12
      16
      22
      15
      16
      17
      21
      12
      17
      23
      12
      12
      13
      18
      20
      16
      16
      25
      18
      18
      14
      17
      16
      19
      12
      22
      14
      18
      22
      11
      20
      24
      21
      16
      11
      18
      18
      14
      23
      15
      24
      12
      11
      10
      12
      13
      14
      19
      10
      12
      15
      18
      19
      16
      22
      20
      17
      11
      13
      17
      17
      15
      16
      16
      18
      15
      17
      11
      18
      16
      11
      17
      14
      11
      14
      15
      14
      10
      12
      22
      13
      18
      20
      21
      17
      14
      13
      20
      24
      19
      10
      14
      16
      10
      18
      12
      19
      18
      15
      23
      17
      17
      22
      15
      16
      12
      15
      14
      12
      21
      16
      10
      19
      18
      20
      14
      17
      14
      18
      13
      12
      27
      19
      18
      11
      26
      26
      16
      20
      18
      18
      12
      20
      24
      11
      13
      19
      18
      13
      18
      13
      13
      14
      18
      12
      15
      23
      19
      19
      20
      25
      17
      18
      23
      23
      14
      15
      12
      17
      15
      18
      17
      12
      15
      16
      22
      20
      18
      14
      14
      18
      25
      21
      14
      22
      21
      14
      11
      14
      14
      16
      16
      17
      19
      15
      11
      15
      12
      18
      25
      16
      15
      13
      18
      19
      21
      12
      20
      11
      15
      19
      19
      19
      15
      16
      18
      12
      13
      18
      17
      16
      10
      14
      26
      15
      17
      14
      23
      11
      18
      18
      20
      14
      15
      11
      17
      18
       9
      14
      16
      16
      11
      12
      15
      16
      19
      15
      12
      14
      21
      17
      22
      16
      16
      23
      18
      15
      14
      13
      14
      15
      20
      15
      13
      19
      12
      11
      21
      17
      13
      10
      19
      19
      21
      11
      11
      15
      17
      14
      17
      20
      18
      17
      10
      10
      23
      17
      11
      13
      20
      14
      15
      13
      14
      15
      18
      14
       5
      14
      24
      15
      14
      11
      13
      11
      13
      13
      13
      14
      14
       8
      18
      16
      12
      16
      22
      21
      11
      22
      19
      16
      12
      18
      17
      16
      18
      12
      15
      10
       8
      10
      11
      20
      12
      17
      15
      14
      21
       9
      21
      13
      14
      15
      14
      16
      11
      14
      18
      17
      17
      11
      11
      13
      15
      13
      17
      15
      12
      11
      11
      13
      15
      15
      15
      15
      12
      15
      14
      11
      12
      17
      16
      11
      16
       9
      15
      21
      14
       8
      14
      11
       7
      11
      12
      13
      11
      15
      16
      10
      11
       9
      14
      16
      15
      19
      21
       6
      18
       8
       8
      12
      14
       8
      21
      12
      17
      17
      12
      15
      17
      16
      14
      12
      17
      16
      17
      19
      10
       7
      13
      15
      16
      14
      16
      12
      14
      20
      18
      14
      10
      15
      18
      10
       7
      11
      15
      19
      13
       9
      16
       9
      11
      22
      14
      17
      10
      18
      15
      10
      14
      13
      14
      16
      15
      10
      15
      16
      15
      16
      13
      15
       9
      20
       9
      13
      13
      14
       8
      10
      10
      15
      16
      12
      22
      15
      15
      10
      15
      19
      14
      12
      12
      16
      17
      16
      11
      17
      14
      10
      13
      13
      11
      18
      13
      17
      18
      13
       8
      19
      14
      12
      20
       8
      17
      19
      14
      13
      15
      13
      14
      15
      19
      16
      11
      17
      21
      12
      16
       6
       9
      15
      15
      13
      13
      13
      25
      14
      20
      14
      23
      13
      14
       9
      14
      10
       9
      15
      20
      15
      12
      18
      11
      18
      16
      11
      10
      12
      16
      14
       9
      16
      13
      14
      14
      17
      14
      18
      22
      14
      24
      15
      11
      11
       9
      12
       8
      18
      11
      14
       8
       9
      15
      17
      17
      20
      10
      20
      20
      11
      12
      16
      12
      14
      15
      14
      18
       9
      28
      18
      12
      11
      13
       7
      14
      22
      12
      26
      15
      12
      12
      14
      10
      20
       9
       8
      22
      12
      10
      11
      16
      11
      12
      12
      17
      11
      16
      10
       6
      13
       9
      21
      10
      11
      15
      12
      17
      16
      12
      16
      18
      13
      18
      17
      11
      16
      12
      17
       0
       0
       0
       0
       0
       0
       0
       0
       0
       0
       0
       0
       0
       0
       0
       0
       0
       0
       0
       0
       0
       0
       0
       0
       0
       0
       0
       0
       0
       0
       0
       0
$ROI:
1
5 2045
$PRESETS:
None
0
0
$ENER_FIT:
2.398192 0.051158
$MCA_CAL:
3
2.398192E+000 5.115788E-002 -1.279790E-007 ns
$SHAPE_CAL:
3
0.000000E+000 0.000000E+000 0.000000E+000
